RunSeed,Seed,Algoritmo,Radius,nDevices,appPeriodSeconds,simulationTime,PHYTotal,PHYSuccessful,PHYInterfered,PHYNoMoreReceivers,PHYUnderSensitivity,PHYLostBecauseTX,SimulationDuration
1066168864,1,1,3000,3000,600,600,3000,2627,367,6,0,0,0.566667
1066168864,1,1,3000,1000,600,600,1000,959,41,0,0,0,0.05
1066168864,1,1,3000,2000,600,600,2000,1792,206,2,0,0,0.266667
1066168864,1,1,3000,4000,600,600,3999,3317,658,24,0,0,1.1
1066168864,1,1,3000,5000,600,600,4999,3957,1021,21,0,0,1.88333
1066168864,1,1,3000,6000,600,600,5999,4535,1420,44,0,0,2.78333
1066168864,1,2,3000,3000,600,600,2999,2244,499,256,0,0,0.616667
1066168864,1,2,3000,1000,600,600,1000,896,90,14,0,0,0.0833333
1066168864,1,2,3000,2000,600,600,1998,1649,260,89,0,0,0.266667
1066168864,1,2,3000,4000,600,600,3997,2613,796,588,0,0,1.06667
1066168864,1,2,3000,5000,600,600,4995,2954,1041,1000,0,0,1.7
1066168864,1,2,3000,6000,600,600,5993,3203,1290,1500,0,0,2.61667
1066168864,1,3,3000,3000,600,600,2999,2721,233,45,0,0,0.583333
1066168864,1,3,3000,1000,600,600,1000,974,26,0,0,0,0.0666667
1066168864,1,3,3000,2000,600,600,2000,1855,130,15,0,0,0.25
1066168864,1,3,3000,4000,600,600,3998,3463,409,126,0,0,1.1
1066168864,1,3,3000,5000,600,600,4997,4199,574,224,0,0,1.75
1066168864,1,3,3000,6000,600,600,5995,4796,807,392,0,0,2.61667
1066168864,1,4,3000,3000,600,600,3000,2659,334,7,0,0,0.6
1066168864,1,4,3000,1000,600,600,1000,961,39,0,0,0,0.0666667
1066168864,1,4,3000,2000,600,600,2000,1807,191,2,0,0,0.25
1066168864,1,4,3000,4000,600,600,3999,3360,614,25,0,0,1.05
1066168864,1,4,3000,5000,600,600,4999,4047,930,22,0,0,1.76667
1066168864,1,4,3000,6000,600,600,5999,4663,1289,47,0,0,2.56667
1066168864,1,5,3000,3000,600,600,2999,2724,230,45,0,0,0.566667
1066168864,1,5,3000,1000,600,600,1000,974,26,0,0,0,0.05
1066168864,1,5,3000,2000,600,600,2000,1857,128,15,0,0,0.233333
1066168864,1,5,3000,4000,600,600,3998,3463,407,128,0,0,1.06667
1066168864,1,5,3000,5000,600,600,4997,4211,560,226,0,0,1.7
1066168864,1,5,3000,6000,600,600,5995,4803,796,396,0,0,2.61667
1066168864,1,6,3000,3000,600,600,2997,2291,419,287,0,0,0.583333
1066168864,1,6,3000,1000,600,600,999,908,74,17,0,0,0.0833333
1066168864,1,6,3000,2000,600,600,1999,1700,217,82,0,0,0.25
1066168864,1,6,3000,4000,600,600,3995,2693,682,620,0,0,1.03333
1066168864,1,6,3000,5000,600,600,4995,3051,948,996,0,0,1.75
1066168864,1,6,3000,6000,600,600,5996,3358,1180,1458,0,0,2.63333
1066168864,1,7,3000,3000,600,600,2998,2300,440,258,0,0,0.566667
1066168864,1,7,3000,1000,600,600,999,934,51,14,0,0,0.0666667
1066168864,1,7,3000,2000,600,600,1997,1657,244,96,0,0,0.233333
1066168864,1,7,3000,4000,600,600,3996,2757,647,592,0,0,1.05
1066168864,1,7,3000,5000,600,600,4996,3122,923,951,0,0,1.65
1066168864,1,7,3000,6000,600,600,5995,3295,1183,1517,0,0,2.56667
1066168864,1,8,3000,3000,600,600,2998,2300,440,258,0,0,0.6
1066168864,1,8,3000,1000,600,600,999,934,51,14,0,0,0.05
1066168864,1,8,3000,2000,600,600,1997,1657,244,96,0,0,0.266667
1066168864,1,8,3000,4000,600,600,3996,2757,647,592,0,0,1.11667
1066168864,1,8,3000,5000,600,600,4996,3122,923,951,0,0,1.68333
1066168864,1,8,3000,6000,600,600,5995,3295,1183,1517,0,0,2.58333
1066168864,1,9,3000,3000,600,600,2998,2300,440,258,0,0,0.616667
1066168864,1,9,3000,1000,600,600,999,934,51,14,0,0,0.0666667
1066168864,1,9,3000,2000,600,600,1997,1657,244,96,0,0,0.233333
1066168864,1,9,3000,4000,600,600,3996,2757,647,592,0,0,1.11667
1066168864,1,9,3000,5000,600,600,4996,3122,923,951,0,0,1.73333
1066168864,1,9,3000,6000,600,600,5995,3295,1183,1517,0,0,2.58333
131948003,1,1,3000,3000,600,600,3000,2605,387,8,0,0,0.6
131948003,1,1,3000,1000,600,600,1000,968,31,1,0,0,0.0666667
131948003,1,1,3000,2000,600,600,2000,1795,204,1,0,0,0.25
131948003,1,1,3000,4000,600,600,4000,3362,625,13,0,0,1.1
131948003,1,1,3000,5000,600,600,4997,3948,1034,15,0,0,1.73333
131948003,1,1,3000,6000,600,600,5999,4545,1415,39,0,0,2.6
131948003,1,2,3000,3000,600,600,2995,2238,479,278,0,0,0.6
131948003,1,2,3000,1000,600,600,1000,924,63,13,0,0,0.0666667
131948003,1,2,3000,2000,600,600,2000,1688,242,70,0,0,0.266667
131948003,1,2,3000,4000,600,600,3997,2726,728,543,0,0,1.06667
131948003,1,2,3000,5000,600,600,4995,3065,1002,928,0,0,1.71667
131948003,1,2,3000,6000,600,600,5997,3156,1319,1522,0,0,2.65
131948003,1,3,3000,3000,600,600,2999,2730,207,62,0,0,0.6
131948003,1,3,3000,1000,600,600,1000,979,19,2,0,0,0.0666667
131948003,1,3,3000,2000,600,600,2000,1870,120,10,0,0,0.266667
131948003,1,3,3000,4000,600,600,3997,3538,350,109,0,0,1.11667
131948003,1,3,3000,5000,600,600,4996,4190,591,215,0,0,1.81667
131948003,1,3,3000,6000,600,600,5998,4829,806,363,0,0,2.6
131948003,1,4,3000,3000,600,600,3000,2643,349,8,0,0,0.6
131948003,1,4,3000,1000,600,600,1000,971,28,1,0,0,0.05
131948003,1,4,3000,2000,600,600,2000,1809,190,1,0,0,0.25
131948003,1,4,3000,4000,600,600,4000,3425,561,14,0,0,1.11667
131948003,1,4,3000,5000,600,600,4997,4034,945,18,0,0,1.8
131948003,1,4,3000,6000,600,600,5999,4676,1282,41,0,0,2.61667
131948003,1,5,3000,3000,600,600,2999,2726,211,62,0,0,0.566667
131948003,1,5,3000,1000,600,600,1000,980,18,2,0,0,0.0666667
131948003,1,5,3000,2000,600,600,2000,1873,117,10,0,0,0.25
131948003,1,5,3000,4000,600,600,3997,3541,346,110,0,0,1.06667
131948003,1,5,3000,5000,600,600,4996,4212,566,218,0,0,1.75
131948003,1,5,3000,6000,600,600,5998,4830,799,369,0,0,2.56667
131948003,1,6,3000,3000,600,600,3000,2281,432,287,0,0,0.616667
131948003,1,6,3000,1000,600,600,998,919,70,9,0,0,0.0666667
131948003,1,6,3000,2000,600,600,1995,1687,228,80,0,0,0.233333
131948003,1,6,3000,4000,600,600,3999,2716,699,584,0,0,1.06667
131948003,1,6,3000,5000,600,600,4997,3037,990,970,0,0,1.76667
131948003,1,6,3000,6000,600,600,5997,3348,1189,1460,0,0,2.56667
131948003,1,7,3000,3000,600,600,2997,2292,422,283,0,0,0.6
131948003,1,7,3000,1000,600,600,999,926,61,12,0,0,0.0666667
131948003,1,7,3000,2000,600,600,1999,1683,226,90,0,0,0.25
131948003,1,7,3000,4000,600,600,3998,2763,674,561,0,0,1.1
131948003,1,7,3000,5000,600,600,4994,3083,923,988,0,0,1.73333
131948003,1,7,3000,6000,600,600,5996,3318,1224,1454,0,0,2.61667
131948003,1,8,3000,3000,600,600,2997,2292,422,283,0,0,0.566667
131948003,1,8,3000,1000,600,600,999,926,61,12,0,0,0.0666667
131948003,1,8,3000,2000,600,600,1999,1683,226,90,0,0,0.25
131948003,1,8,3000,4000,600,600,3998,2763,674,561,0,0,1.06667
131948003,1,8,3000,5000,600,600,4994,3083,923,988,0,0,1.68333
131948003,1,8,3000,6000,600,600,5996,3318,1224,1454,0,0,2.58333
131948003,1,9,3000,3000,600,600,2997,2292,422,283,0,0,0.566667
131948003,1,9,3000,1000,600,600,999,926,61,12,0,0,0.0666667
131948003,1,9,3000,2000,600,600,1999,1683,226,90,0,0,0.25
131948003,1,9,3000,4000,600,600,3998,2763,674,561,0,0,1.11667
131948003,1,9,3000,5000,600,600,4994,3083,923,988,0,0,1.68333
131948003,1,9,3000,6000,600,600,5996,3318,1224,1454,0,0,2.58333
690250312,1,1,3000,3000,600,600,2999,2639,357,3,0,0,0.566667
690250312,1,1,3000,1000,600,600,999,945,53,1,0,0,0.0666667
690250312,1,1,3000,2000,600,600,2000,1842,158,0,0,0,0.233333
690250312,1,1,3000,4000,600,600,4000,3320,662,18,0,0,1.06667
690250312,1,1,3000,5000,600,600,4997,3913,1052,32,0,0,1.7
690250312,1,1,3000,6000,600,600,5999,4584,1362,53,0,0,2.56667
690250312,1,2,3000,3000,600,600,2999,2280,457,262,0,0,0.583333
690250312,1,2,3000,1000,600,600,998,920,71,7,0,0,0.0666667
690250312,1,2,3000,2000,600,600,1999,1688,229,82,0,0,0.233333
690250312,1,2,3000,4000,600,600,3997,2632,779,586,0,0,1.13333
690250312,1,2,3000,5000,600,600,4993,2943,1057,993,0,0,1.8
690250312,1,2,3000,6000,600,600,5995,3163,1298,1534,0,0,2.58333
690250312,1,3,3000,3000,600,600,2999,2705,232,62,0,0,0.583333
690250312,1,3,3000,1000,600,600,999,971,26,2,0,0,0.0666667
690250312,1,3,3000,2000,600,600,2000,1890,99,11,0,0,0.266667
690250312,1,3,3000,4000,600,600,3999,3462,414,123,0,0,1.08333
690250312,1,3,3000,5000,600,600,4997,4139,635,223,0,0,1.76667
690250312,1,3,3000,6000,600,600,5998,4779,778,441,0,0,2.6
690250312,1,4,3000,3000,600,600,2999,2656,338,5,0,0,0.6
690250312,1,4,3000,1000,600,600,999,950,48,1,0,0,0.0666667
690250312,1,4,3000,2000,600,600,2000,1860,139,1,0,0,0.266667
690250312,1,4,3000,4000,600,600,4000,3383,598,19,0,0,1.1
690250312,1,4,3000,5000,600,600,4997,3983,979,35,0,0,1.86667
690250312,1,4,3000,6000,600,600,5999,4672,1269,58,0,0,2.96667
690250312,1,5,3000,3000,600,600,2999,2716,221,62,0,0,0.733333
690250312,1,5,3000,1000,600,600,999,971,26,2,0,0,0.0666667
690250312,1,5,3000,2000,600,600,2000,1889,99,12,0,0,0.283333
690250312,1,5,3000,4000,600,600,3999,3473,402,124,0,0,1.13333
690250312,1,5,3000,5000,600,600,4997,4141,631,225,0,0,1.75
690250312,1,5,3000,6000,600,600,5998,4787,762,449,0,0,2.6
690250312,1,6,3000,3000,600,600,2998,2290,436,272,0,0,0.65
690250312,1,6,3000,1000,600,600,999,914,67,18,0,0,0.0666667
690250312,1,6,3000,2000,600,600,1996,1695,202,99,0,0,0.233333
690250312,1,6,3000,4000,600,600,3997,2747,673,577,0,0,1.1
690250312,1,6,3000,5000,600,600,4997,3088,926,983,0,0,1.76667
690250312,1,6,3000,6000,600,600,5996,3369,1149,1478,0,0,2.61667
690250312,1,7,3000,3000,600,600,2996,2333,407,256,0,0,0.583333
690250312,1,7,3000,1000,600,600,998,935,52,11,0,0,0.0666667
690250312,1,7,3000,2000,600,600,1999,1669,242,88,0,0,0.25
690250312,1,7,3000,4000,600,600,3998,2694,688,616,0,0,1.06667
690250312,1,7,3000,5000,600,600,4995,3064,932,999,0,0,1.73333
690250312,1,7,3000,6000,600,600,5994,3307,1185,1502,0,0,2.51667
690250312,1,8,3000,3000,600,600,2996,2333,407,256,0,0,0.6
690250312,1,8,3000,1000,600,600,998,935,52,11,0,0,0.0666667
690250312,1,8,3000,2000,600,600,1999,1669,242,88,0,0,0.233333
690250312,1,8,3000,4000,600,600,3998,2694,688,616,0,0,1.1
690250312,1,8,3000,5000,600,600,4995,3064,932,999,0,0,1.8
690250312,1,8,3000,6000,600,600,5994,3307,1185,1502,0,0,2.56667
690250312,1,9,3000,3000,600,600,2996,2333,407,256,0,0,0.583333
690250312,1,9,3000,1000,600,600,998,935,52,11,0,0,0.05
690250312,1,9,3000,2000,600,600,1999,1669,242,88,0,0,0.25
690250312,1,9,3000,4000,600,600,3998,2694,688,616,0,0,1.08333
690250312,1,9,3000,5000,600,600,4995,3064,932,999,0,0,1.76667
690250312,1,9,3000,6000,600,600,5994,3307,1185,1502,0,0,2.53333
985173831,1,1,3000,3000,600,600,2999,2604,389,6,0,0,0.583333
985173831,1,1,3000,1000,600,600,999,958,41,0,0,0,0.0666667
985173831,1,1,3000,2000,600,600,1999,1833,164,2,0,0,0.233333
985173831,1,1,3000,4000,600,600,3999,3331,657,11,0,0,1.08333
985173831,1,1,3000,5000,600,600,5000,3959,1020,21,0,0,1.7
985173831,1,1,3000,6000,600,600,6000,4539,1430,31,0,0,2.6
985173831,1,2,3000,3000,600,600,2997,2265,470,262,0,0,0.583333
985173831,1,2,3000,1000,600,600,998,918,66,14,0,0,0.05
985173831,1,2,3000,2000,600,600,1996,1647,255,94,0,0,0.25
985173831,1,2,3000,4000,600,600,3995,2658,750,587,0,0,1.1
985173831,1,2,3000,5000,600,600,4997,2903,1062,1032,0,0,1.73333
985173831,1,2,3000,6000,600,600,5999,3164,1331,1504,0,0,2.58333
985173831,1,3,3000,3000,600,600,2999,2713,248,38,0,0,0.583333
985173831,1,3,3000,1000,600,600,999,975,21,3,0,0,0.0666667
985173831,1,3,3000,2000,600,600,1998,1886,101,11,0,0,0.233333
985173831,1,3,3000,4000,600,600,3997,3504,372,121,0,0,1.06667
985173831,1,3,3000,5000,600,600,5000,4205,587,208,0,0,1.71667
985173831,1,3,3000,6000,600,600,5999,4798,846,355,0,0,2.55
985173831,1,4,3000,3000,600,600,2999,2646,347,6,0,0,0.583333
985173831,1,4,3000,1000,600,600,999,960,39,0,0,0,0.0666667
985173831,1,4,3000,2000,600,600,1999,1845,152,2,0,0,0.25
985173831,1,4,3000,4000,600,600,3999,3388,599,12,0,0,1.06667
985173831,1,4,3000,5000,600,600,5000,4063,914,23,0,0,1.81667
985173831,1,4,3000,6000,600,600,6000,4636,1329,35,0,0,2.53333
985173831,1,5,3000,3000,600,600,2999,2717,243,39,0,0,0.583333
985173831,1,5,3000,1000,600,600,999,975,21,3,0,0,0.05
985173831,1,5,3000,2000,600,600,1998,1886,101,11,0,0,0.266667
985173831,1,5,3000,4000,600,600,3996,3508,367,121,0,0,1.1
985173831,1,5,3000,5000,600,600,5000,4203,584,213,0,0,1.71667
985173831,1,5,3000,6000,600,600,5999,4814,826,359,0,0,2.56667
985173831,1,6,3000,3000,600,600,2999,2256,450,293,0,0,0.6
985173831,1,6,3000,1000,600,600,999,931,51,17,0,0,0.0666667
985173831,1,6,3000,2000,600,600,1996,1705,205,86,0,0,0.266667
985173831,1,6,3000,4000,600,600,4000,2823,635,542,0,0,1.06667
985173831,1,6,3000,5000,600,600,4998,3126,901,971,0,0,1.75
985173831,1,6,3000,6000,600,600,5997,3248,1199,1550,0,0,2.68333
985173831,1,7,3000,3000,600,600,2995,2331,416,248,0,0,0.566667
985173831,1,7,3000,1000,600,600,998,923,59,16,0,0,0.05
985173831,1,7,3000,2000,600,600,1997,1705,213,79,0,0,0.25
985173831,1,7,3000,4000,600,600,3997,2716,708,573,0,0,1.05
985173831,1,7,3000,5000,600,600,4995,3083,903,1009,0,0,1.66667
985173831,1,7,3000,6000,600,600,5998,3353,1178,1467,0,0,2.7
985173831,1,8,3000,3000,600,600,2995,2331,416,248,0,0,0.55
985173831,1,8,3000,1000,600,600,998,923,59,16,0,0,0.0666667
985173831,1,8,3000,2000,600,600,1997,1705,213,79,0,0,0.25
985173831,1,8,3000,4000,600,600,3997,2716,708,573,0,0,1.06667
985173831,1,8,3000,5000,600,600,4995,3083,903,1009,0,0,1.76667
985173831,1,8,3000,6000,600,600,5998,3353,1178,1467,0,0,2.63333
985173831,1,9,3000,3000,600,600,2995,2331,416,248,0,0,0.6
985173831,1,9,3000,1000,600,600,998,923,59,16,0,0,0.0666667
985173831,1,9,3000,2000,600,600,1997,1705,213,79,0,0,0.25
985173831,1,9,3000,4000,600,600,3997,2716,708,573,0,0,1.1
985173831,1,9,3000,5000,600,600,4995,3083,903,1009,0,0,1.8
985173831,1,9,3000,6000,600,600,5998,3353,1178,1467,0,0,2.58333
3015369327,1,1,3000,3000,600,600,3000,2624,371,5,0,0,0.566667
3015369327,1,1,3000,1000,600,600,1000,964,36,0,0,0,0.05
3015369327,1,1,3000,2000,600,600,2000,1811,182,7,0,0,0.283333
3015369327,1,1,3000,4000,600,600,4000,3347,637,16,0,0,1.05
3015369327,1,1,3000,5000,600,600,5000,3950,1027,23,0,0,1.75
3015369327,1,1,3000,6000,600,600,6000,4563,1385,52,0,0,2.63333
3015369327,1,2,3000,3000,600,600,2997,2258,483,256,0,0,0.583333
3015369327,1,2,3000,1000,600,600,998,911,73,14,0,0,0.0666667
3015369327,1,2,3000,2000,600,600,1999,1673,233,93,0,0,0.266667
3015369327,1,2,3000,4000,600,600,3998,2668,739,591,0,0,1.06667
3015369327,1,2,3000,5000,600,600,4997,2978,1075,944,0,0,1.81667
3015369327,1,2,3000,6000,600,600,5998,3155,1356,1487,0,0,2.53333
3015369327,1,3,3000,3000,600,600,2998,2701,245,52,0,0,0.583333
3015369327,1,3,3000,1000,600,600,999,962,37,0,0,0,0.0666667
3015369327,1,3,3000,2000,600,600,2000,1869,113,18,0,0,0.233333
3015369327,1,3,3000,4000,600,600,3999,3499,385,115,0,0,1.06667
3015369327,1,3,3000,5000,600,600,4999,4159,625,215,0,0,1.73333
3015369327,1,3,3000,6000,600,600,5998,4787,823,388,0,0,2.66667
3015369327,1,4,3000,3000,600,600,3000,2653,341,6,0,0,0.566667
3015369327,1,4,3000,1000,600,600,1000,968,32,0,0,0,0.0666667
3015369327,1,4,3000,2000,600,600,2000,1823,170,7,0,0,0.266667
3015369327,1,4,3000,4000,600,600,4000,3403,580,17,0,0,1.11667
3015369327,1,4,3000,5000,600,600,5000,4026,949,25,0,0,1.71667
3015369327,1,4,3000,6000,600,600,6000,4676,1267,57,0,0,2.5
3015369327,1,5,3000,3000,600,600,2998,2702,242,54,0,0,0.6
3015369327,1,5,3000,1000,600,600,999,962,37,0,0,0,0.0666667
3015369327,1,5,3000,2000,600,600,2000,1873,109,18,0,0,0.25
3015369327,1,5,3000,4000,600,600,3999,3502,379,118,0,0,1.06667
3015369327,1,5,3000,5000,600,600,4999,4174,609,216,0,0,1.76667
3015369327,1,5,3000,6000,600,600,5998,4788,818,392,0,0,2.58333
3015369327,1,6,3000,3000,600,600,2996,2302,424,270,0,0,0.566667
3015369327,1,6,3000,1000,600,600,998,928,54,16,0,0,0.0666667
3015369327,1,6,3000,2000,600,600,2000,1693,221,86,0,0,0.266667
3015369327,1,6,3000,4000,600,600,3999,2733,678,588,0,0,1.05
3015369327,1,6,3000,5000,600,600,4998,3059,944,995,0,0,1.81667
3015369327,1,6,3000,6000,600,600,5998,3183,1242,1573,0,0,2.51667
3015369327,1,7,3000,3000,600,600,2997,2323,429,245,0,0,0.566667
3015369327,1,7,3000,1000,600,600,998,932,51,15,0,0,0.0666667
3015369327,1,7,3000,2000,600,600,1999,1706,205,88,0,0,0.233333
3015369327,1,7,3000,4000,600,600,3999,2811,660,528,0,0,1.06667
3015369327,1,7,3000,5000,600,600,4999,3132,912,955,0,0,1.7
3015369327,1,7,3000,6000,600,600,5999,3336,1172,1491,0,0,2.46667
3015369327,1,8,3000,3000,600,600,2997,2323,429,245,0,0,0.583333
3015369327,1,8,3000,1000,600,600,998,932,51,15,0,0,0.05
3015369327,1,8,3000,2000,600,600,1999,1706,205,88,0,0,0.233333
3015369327,1,8,3000,4000,600,600,3999,2811,660,528,0,0,1.11667
3015369327,1,8,3000,5000,600,600,4999,3132,912,955,0,0,1.78333
3015369327,1,8,3000,6000,600,600,5999,3336,1172,1491,0,0,2.55
3015369327,1,9,3000,3000,600,600,2997,2323,429,245,0,0,0.616667
3015369327,1,9,3000,1000,600,600,998,932,51,15,0,0,0.0666667
3015369327,1,9,3000,2000,600,600,1999,1706,205,88,0,0,0.333333
3015369327,1,9,3000,4000,600,600,3999,2811,660,528,0,0,1.16667
3015369327,1,9,3000,5000,600,600,4999,3132,912,955,0,0,1.71667
3015369327,1,9,3000,6000,600,600,5999,3336,1172,1491,0,0,2.51667