RunSeed,Seed,Algoritmo,Radius,nDevices,appPeriodSeconds,simulationTime,PHYTotal,PHYSuccessful,PHYInterfered,PHYNoMoreReceivers,PHYUnderSensitivity,PHYLostBecauseTX,SimulationDuration
3227176457,1,1,6000,6000,600,600,5999,2495,463,12,3029,0,2.63333
3227176457,1,1,2000,6000,600,600,5999,4542,1416,41,0,0,2.7
3227176457,1,1,3000,6000,600,600,5999,4542,1416,41,0,0,2.76667
3227176457,1,1,4000,6000,600,600,5999,4542,1416,41,0,0,2.66667
3227176457,1,1,8000,6000,600,600,5999,1510,157,5,4327,0,2.8
3227176457,1,1,10000,6000,600,600,6000,992,66,3,4939,0,2.66667
3227176457,1,2,6000,6000,600,600,5996,3157,1323,1516,0,0,2.88333
3227176457,1,2,2000,6000,600,600,5996,3158,1322,1516,0,0,2.65
3227176457,1,2,3000,6000,600,600,5996,3158,1322,1516,0,0,2.88333
3227176457,1,2,4000,6000,600,600,5996,3157,1323,1516,0,0,2.86667
3227176457,1,2,8000,6000,600,600,5996,3157,1323,1516,0,0,4.11667
3227176457,1,2,10000,6000,600,600,5999,1352,89,4,4554,0,3.31667
3227176457,1,3,6000,6000,600,600,5998,3715,638,356,1289,0,2.65
3227176457,1,3,2000,6000,600,600,5998,4742,840,416,0,0,42.9667
3227176457,1,3,3000,6000,600,600,5998,4742,840,416,0,0,2.83333
3227176457,1,3,4000,6000,600,600,5998,4742,840,416,0,0,2.65
3227176457,1,3,8000,6000,600,600,5998,1874,307,166,3651,0,2.75
3227176457,1,3,10000,6000,600,600,6000,994,64,3,4939,0,2.88333
3227176457,1,4,6000,6000,600,600,5997,3501,1279,1217,0,0,2.78333
3227176457,1,4,2000,6000,600,600,5999,4542,1416,41,0,0,2.76667
3227176457,1,4,3000,6000,600,600,5999,4634,1320,45,0,0,2.73333
3227176457,1,4,4000,6000,600,600,5999,4857,1001,141,0,0,2.81667
3227176457,1,4,8000,6000,600,600,5995,1506,1829,2660,0,0,2.63333
3227176457,1,4,10000,6000,600,600,5996,1057,1824,2511,604,0,2.85
3227176457,1,5,6000,6000,600,600,5996,2951,1224,1513,308,0,2.73333
3227176457,1,5,2000,6000,600,600,5998,4742,840,416,0,0,2.66667
3227176457,1,5,3000,6000,600,600,5998,4768,809,421,0,0,2.55
3227176457,1,5,4000,6000,600,600,5998,4654,827,517,0,0,2.83333
3227176457,1,5,8000,6000,600,600,5994,1047,1709,2650,588,0,2.68333
3227176457,1,5,10000,6000,600,600,5995,560,1727,2583,1125,0,2.65
3227176457,1,6,6000,6000,600,600,5997,2787,1064,1376,770,0,2.61667
3227176457,1,6,2000,6000,600,600,5997,3404,1158,1435,0,0,2.7
3227176457,1,6,3000,6000,600,600,5997,3403,1159,1435,0,0,2.78333
3227176457,1,6,4000,6000,600,600,5997,3403,1159,1435,0,0,2.81667
3227176457,1,6,8000,6000,600,600,5997,2106,896,1188,1807,0,2.68333
3227176457,1,6,10000,6000,600,600,5998,1646,615,771,2966,0,2.65
3227176457,1,7,6000,6000,600,600,5995,2772,1107,1452,664,0,2.73333
3227176457,1,7,2000,6000,600,600,5995,3283,1207,1505,0,0,2.78333
3227176457,1,7,3000,6000,600,600,5995,3283,1207,1505,0,0,2.56667
3227176457,1,7,4000,6000,600,600,5995,3283,1207,1505,0,0,2.8
3227176457,1,7,8000,6000,600,600,5995,2091,923,1264,1717,0,2.66667
3227176457,1,7,10000,6000,600,600,5996,1587,680,832,2897,0,2.63333
3227176457,1,8,6000,6000,600,600,5995,2772,1107,1452,664,0,2.5
3227176457,1,8,2000,6000,600,600,5995,3283,1207,1505,0,0,2.58333
3227176457,1,8,3000,6000,600,600,5995,3283,1207,1505,0,0,2.58333
3227176457,1,8,4000,6000,600,600,5995,3283,1207,1505,0,0,2.65
3227176457,1,8,8000,6000,600,600,5995,2091,923,1264,1717,0,2.63333
3227176457,1,8,10000,6000,600,600,5996,1587,680,832,2897,0,2.71667
3227176457,1,9,6000,6000,600,600,5995,2772,1107,1452,664,0,2.53333
3227176457,1,9,2000,6000,600,600,5995,3283,1207,1505,0,0,2.71667
3227176457,1,9,3000,6000,600,600,5995,3283,1207,1505,0,0,2.83333
3227176457,1,9,4000,6000,600,600,5995,3283,1207,1505,0,0,2.68333
3227176457,1,9,8000,6000,600,600,5995,2091,923,1264,1717,0,2.65
3227176457,1,9,10000,6000,600,600,5996,1587,680,832,2897,0,2.66667
1682423572,1,1,6000,6000,600,600,5999,2518,463,16,3002,0,2.56667
1682423572,1,1,2000,6000,600,600,5999,4529,1424,46,0,0,2.58333
1682423572,1,1,3000,6000,600,600,5999,4529,1424,46,0,0,2.76667
1682423572,1,1,4000,6000,600,600,5999,4529,1424,46,0,0,2.65
1682423572,1,1,8000,6000,600,600,6000,1539,169,1,4291,0,2.61667
1682423572,1,1,10000,6000,600,600,6000,990,71,1,4938,0,2.63333
1682423572,1,2,6000,6000,600,600,5995,3217,1269,1509,0,0,2.81667
1682423572,1,2,2000,6000,600,600,5995,3217,1269,1509,0,0,2.73333
1682423572,1,2,3000,6000,600,600,5995,3217,1269,1509,0,0,2.83333
1682423572,1,2,4000,6000,600,600,5995,3217,1269,1509,0,0,2.6
1682423572,1,2,8000,6000,600,600,5995,3217,1269,1509,0,0,2.73333
1682423572,1,2,10000,6000,600,600,6000,1389,102,3,4506,0,2.61667
1682423572,1,3,6000,6000,600,600,5998,3765,597,278,1358,0,2.76667
1682423572,1,3,2000,6000,600,600,5998,4861,789,348,0,0,2.71667
1682423572,1,3,3000,6000,600,600,5998,4861,789,348,0,0,2.51667
1682423572,1,3,4000,6000,600,600,5998,4861,789,348,0,0,2.6
1682423572,1,3,8000,6000,600,600,5999,1913,306,133,3647,0,2.73333
1682423572,1,3,10000,6000,600,600,6000,990,71,1,4938,0,2.46667
1682423572,1,4,6000,6000,600,600,5995,3560,1231,1204,0,0,2.73333
1682423572,1,4,2000,6000,600,600,5999,4529,1424,46,0,0,2.8
1682423572,1,4,3000,6000,600,600,5999,4661,1284,54,0,0,2.61667
1682423572,1,4,4000,6000,600,600,5999,4887,976,136,0,0,2.68333
1682423572,1,4,8000,6000,600,600,5993,1533,1832,2628,0,0,2.78333
1682423572,1,4,10000,6000,600,600,5994,1072,1813,2475,634,0,2.76667
1682423572,1,5,6000,6000,600,600,5995,2985,1198,1482,330,0,2.63333
1682423572,1,5,2000,6000,600,600,5998,4861,789,348,0,0,2.78333
1682423572,1,5,3000,6000,600,600,5998,4870,774,354,0,0,2.75
1682423572,1,5,4000,6000,600,600,5997,4715,802,480,0,0,2.73333
1682423572,1,5,8000,6000,600,600,5994,1067,1723,2614,590,0,2.61667
1682423572,1,5,10000,6000,600,600,5995,564,1716,2555,1160,0,2.63333
1682423572,1,6,6000,6000,600,600,5997,2795,1079,1421,702,0,2.83333
1682423572,1,6,2000,6000,600,600,5997,3330,1187,1480,0,0,2.68333
1682423572,1,6,3000,6000,600,600,5997,3330,1187,1480,0,0,2.68333
1682423572,1,6,4000,6000,600,600,5997,3330,1187,1480,0,0,2.68333
1682423572,1,6,8000,6000,600,600,5998,2104,916,1245,1733,0,2.81667
1682423572,1,6,10000,6000,600,600,6000,1617,654,808,2921,0,2.66667
1682423572,1,7,6000,6000,600,600,5997,2809,1085,1408,695,0,2.8
1682423572,1,7,2000,6000,600,600,5997,3355,1178,1464,0,0,2.7
1682423572,1,7,3000,6000,600,600,5997,3356,1177,1464,0,0,2.68333
1682423572,1,7,4000,6000,600,600,5997,3355,1178,1464,0,0,2.6
1682423572,1,7,8000,6000,600,600,5997,2100,907,1216,1774,0,2.66667
1682423572,1,7,10000,6000,600,600,5998,1625,631,802,2940,0,2.6
1682423572,1,8,6000,6000,600,600,5997,2809,1085,1408,695,0,2.56667
1682423572,1,8,2000,6000,600,600,5997,3355,1178,1464,0,0,2.75
1682423572,1,8,3000,6000,600,600,5997,3356,1177,1464,0,0,2.63333
1682423572,1,8,4000,6000,600,600,5997,3355,1178,1464,0,0,2.51667
1682423572,1,8,8000,6000,600,600,5997,2100,907,1216,1774,0,2.55
1682423572,1,8,10000,6000,600,600,5998,1625,631,802,2940,0,2.71667
1682423572,1,9,6000,6000,600,600,5997,2809,1085,1408,695,0,2.73333
1682423572,1,9,2000,6000,600,600,5997,3355,1178,1464,0,0,2.65
1682423572,1,9,3000,6000,600,600,5997,3356,1177,1464,0,0,2.63333
1682423572,1,9,4000,6000,600,600,5997,3355,1178,1464,0,0,2.58333
1682423572,1,9,8000,6000,600,600,5997,2100,907,1216,1774,0,2.56667
1682423572,1,9,10000,6000,600,600,5998,1625,631,802,2940,0,2.71667
90524158,1,1,6000,6000,600,600,5999,2487,440,6,3066,0,2.58333
90524158,1,1,2000,6000,600,600,5998,4559,1405,34,0,0,2.76667
90524158,1,1,3000,6000,600,600,5998,4559,1405,34,0,0,2.68333
90524158,1,1,4000,6000,600,600,5998,4559,1405,34,0,0,2.68333
90524158,1,1,8000,6000,600,600,5999,1500,153,0,4346,0,2.63333
90524158,1,1,10000,6000,600,600,5999,981,72,0,4946,0,2.78333
90524158,1,2,6000,6000,600,600,5997,3206,1293,1498,0,0,2.88333
90524158,1,2,2000,6000,600,600,5997,3206,1293,1498,0,0,2.53333
90524158,1,2,3000,6000,600,600,5997,3206,1293,1498,0,0,2.65
90524158,1,2,4000,6000,600,600,5997,3206,1293,1498,0,0,2.58333
90524158,1,2,8000,6000,600,600,5997,3206,1293,1498,0,0,2.66667
90524158,1,2,10000,6000,600,600,5999,1335,81,2,4581,0,2.61667
90524158,1,3,6000,6000,600,600,5998,3670,590,304,1434,0,2.63333
90524158,1,3,2000,6000,600,600,5997,4858,773,366,0,0,2.76667
90524158,1,3,3000,6000,600,600,5997,4858,773,366,0,0,2.66667
90524158,1,3,4000,6000,600,600,5997,4858,773,366,0,0,2.71667
90524158,1,3,8000,6000,600,600,5998,1864,289,150,3695,0,2.6
90524158,1,3,10000,6000,600,600,5999,981,72,0,4946,0,2.8
90524158,1,4,6000,6000,600,600,5997,3439,1293,1265,0,0,2.55
90524158,1,4,2000,6000,600,600,5998,4559,1405,34,0,0,2.73333
90524158,1,4,3000,6000,600,600,5998,4691,1269,38,0,0,2.8
90524158,1,4,4000,6000,600,600,5998,4881,1002,115,0,0,2.58333
90524158,1,4,8000,6000,600,600,5995,1489,1871,2635,0,0,2.63333
90524158,1,4,10000,6000,600,600,5995,1053,1812,2442,688,0,2.66667
90524158,1,5,6000,6000,600,600,5997,2930,1243,1524,300,0,2.6
90524158,1,5,2000,6000,600,600,5997,4858,773,366,0,0,2.76667
90524158,1,5,3000,6000,600,600,5997,4856,768,373,0,0,2.56667
90524158,1,5,4000,6000,600,600,5997,4742,779,476,0,0,2.86667
90524158,1,5,8000,6000,600,600,5995,990,1748,2705,552,0,2.66667
90524158,1,5,10000,6000,600,600,5995,556,1734,2580,1125,0,2.56667
90524158,1,6,6000,6000,600,600,5997,2778,1100,1437,682,0,2.58333
90524158,1,6,2000,6000,600,600,5997,3328,1193,1476,0,0,2.66667
90524158,1,6,3000,6000,600,600,5997,3328,1193,1476,0,0,2.68333
90524158,1,6,4000,6000,600,600,5997,3328,1193,1476,0,0,2.66667
90524158,1,6,8000,6000,600,600,5997,2098,905,1265,1729,0,244.783
90524158,1,6,10000,6000,600,600,5997,1638,627,773,2959,0,2.51667
90524158,1,7,6000,6000,600,600,5998,2794,1102,1397,705,0,2.58333
90524158,1,7,2000,6000,600,600,5997,3338,1203,1456,0,0,2.65
90524158,1,7,3000,6000,600,600,5997,3338,1203,1456,0,0,2.8
90524158,1,7,4000,6000,600,600,5997,3338,1203,1456,0,0,2.95
90524158,1,7,8000,6000,600,600,5998,2100,930,1207,1761,0,2.91667
90524158,1,7,10000,6000,600,600,5999,1621,622,737,3019,0,2.9
90524158,1,8,6000,6000,600,600,5998,2794,1102,1397,705,0,3.1
90524158,1,8,2000,6000,600,600,5997,3338,1203,1456,0,0,3.01667
90524158,1,8,3000,6000,600,600,5997,3338,1203,1456,0,0,2.95
90524158,1,8,4000,6000,600,600,5997,3338,1203,1456,0,0,2.86667
90524158,1,8,8000,6000,600,600,5998,2100,930,1207,1761,0,2.78333
90524158,1,8,10000,6000,600,600,5999,1621,622,737,3019,0,2.81667
90524158,1,9,6000,6000,600,600,5998,2794,1102,1397,705,0,2.85
90524158,1,9,2000,6000,600,600,5997,3338,1203,1456,0,0,2.88333
90524158,1,9,3000,6000,600,600,5997,3338,1203,1456,0,0,2.76667
90524158,1,9,4000,6000,600,600,5997,3338,1203,1456,0,0,2.75
90524158,1,9,8000,6000,600,600,5998,2100,930,1207,1761,0,2.71667
90524158,1,9,10000,6000,600,600,5999,1621,622,737,3019,0,2.73333
2390181617,1,1,6000,6000,600,600,6000,2558,447,9,2986,0,2.71667
2390181617,1,1,2000,6000,600,600,6000,4605,1353,42,0,0,2.95
2390181617,1,1,3000,6000,600,600,6000,4605,1353,42,0,0,2.78333
2390181617,1,1,4000,6000,600,600,6000,4605,1353,42,0,0,2.86667
2390181617,1,1,8000,6000,600,600,6000,1517,155,2,4326,0,2.68333
2390181617,1,1,10000,6000,600,600,6000,1038,73,2,4887,0,2.83333
2390181617,1,2,6000,6000,600,600,5995,3176,1299,1520,0,0,2.65
2390181617,1,2,2000,6000,600,600,5995,3176,1299,1520,0,0,2.8
2390181617,1,2,3000,6000,600,600,5995,3176,1299,1520,0,0,2.7
2390181617,1,2,4000,6000,600,600,5995,3176,1299,1520,0,0,2.55
2390181617,1,2,8000,6000,600,600,5995,3176,1299,1520,0,0,2.63333
2390181617,1,2,10000,6000,600,600,5999,1384,84,2,4529,0,2.63333
2390181617,1,3,6000,6000,600,600,5999,3843,579,296,1281,0,2.65
2390181617,1,3,2000,6000,600,600,5999,4834,789,376,0,0,2.75
2390181617,1,3,3000,6000,600,600,5999,4834,789,376,0,0,2.78333
2390181617,1,3,4000,6000,600,600,5999,4834,789,376,0,0,2.73333
2390181617,1,3,8000,6000,600,600,5999,1925,275,107,3692,0,2.6
2390181617,1,3,10000,6000,600,600,6000,1039,72,2,4887,0,2.75
2390181617,1,4,6000,6000,600,600,5996,3490,1287,1219,0,0,2.66667
2390181617,1,4,2000,6000,600,600,6000,4605,1353,42,0,0,2.68333
2390181617,1,4,3000,6000,600,600,6000,4729,1225,46,0,0,2.8
2390181617,1,4,4000,6000,600,600,6000,4930,927,143,0,0,2.63333
2390181617,1,4,8000,6000,600,600,5993,1550,1819,2624,0,0,2.86667
2390181617,1,4,10000,6000,600,600,5993,1032,1822,2490,649,0,2.91667
2390181617,1,5,6000,6000,600,600,5995,2969,1222,1490,314,0,2.73333
2390181617,1,5,2000,6000,600,600,5999,4834,789,376,0,0,2.93333
2390181617,1,5,3000,6000,600,600,5999,4847,770,382,0,0,2.68333
2390181617,1,5,4000,6000,600,600,5999,4720,789,490,0,0,2.61667
2390181617,1,5,8000,6000,600,600,5994,1075,1675,2645,599,0,2.73333
2390181617,1,5,10000,6000,600,600,5993,579,1697,2577,1140,0,2.76667
2390181617,1,6,6000,6000,600,600,5996,2769,1079,1447,701,0,2.78333
2390181617,1,6,2000,6000,600,600,5996,3286,1216,1494,0,0,2.73333
2390181617,1,6,3000,6000,600,600,5996,3286,1216,1494,0,0,2.81667
2390181617,1,6,4000,6000,600,600,5996,3286,1216,1494,0,0,2.61667
2390181617,1,6,8000,6000,600,600,5997,2119,898,1242,1738,0,2.63333
2390181617,1,6,10000,6000,600,600,5998,1621,616,796,2965,0,2.73333
2390181617,1,7,6000,6000,600,600,5995,2712,1085,1514,684,0,2.6
2390181617,1,7,2000,6000,600,600,5995,3233,1184,1578,0,0,2.73333
2390181617,1,7,3000,6000,600,600,5995,3233,1184,1578,0,0,2.66667
2390181617,1,7,4000,6000,600,600,5995,3233,1184,1578,0,0,2.75
2390181617,1,7,8000,6000,600,600,5995,2088,939,1324,1644,0,2.63333
2390181617,1,7,10000,6000,600,600,5996,1590,642,815,2949,0,2.71667
2390181617,1,8,6000,6000,600,600,5995,2712,1085,1514,684,0,2.7
2390181617,1,8,2000,6000,600,600,5995,3233,1184,1578,0,0,2.66667
2390181617,1,8,3000,6000,600,600,5995,3233,1184,1578,0,0,2.73333
2390181617,1,8,4000,6000,600,600,5995,3233,1184,1578,0,0,2.73333
2390181617,1,8,8000,6000,600,600,5995,2088,939,1324,1644,0,2.58333
2390181617,1,8,10000,6000,600,600,5996,1590,642,815,2949,0,2.83333
2390181617,1,9,6000,6000,600,600,5995,2712,1085,1514,684,0,2.6
2390181617,1,9,2000,6000,600,600,5995,3233,1184,1578,0,0,2.8
2390181617,1,9,3000,6000,600,600,5995,3233,1184,1578,0,0,2.53333
2390181617,1,9,4000,6000,600,600,5995,3233,1184,1578,0,0,2.75
2390181617,1,9,8000,6000,600,600,5995,2088,939,1324,1644,0,2.73333
2390181617,1,9,10000,6000,600,600,5996,1590,642,815,2949,0,2.58333
1281187744,1,1,6000,6000,600,600,6000,2556,421,10,3013,0,2.63333
1281187744,1,1,2000,6000,600,600,5999,4535,1416,48,0,0,2.68333
1281187744,1,1,3000,6000,600,600,5999,4535,1416,48,0,0,2.78333
1281187744,1,1,4000,6000,600,600,5999,4535,1416,48,0,0,2.7
1281187744,1,1,8000,6000,600,600,6000,1576,151,3,4270,0,2.61667
1281187744,1,1,10000,6000,600,600,6000,1046,63,2,4889,0,2.53333
1281187744,1,2,6000,6000,600,600,5996,3194,1311,1491,0,0,2.68333
1281187744,1,2,2000,6000,600,600,5996,3194,1311,1491,0,0,2.65
1281187744,1,2,3000,6000,600,600,5996,3194,1311,1491,0,0,2.66667
1281187744,1,2,4000,6000,600,600,5996,3194,1311,1491,0,0,2.76667
1281187744,1,2,8000,6000,600,600,5996,3194,1311,1491,0,0,2.88333
1281187744,1,2,10000,6000,600,600,6000,1439,92,6,4463,0,2.65
1281187744,1,3,6000,6000,600,600,5999,3752,622,335,1290,0,2.71667
1281187744,1,3,2000,6000,600,600,5998,4773,822,403,0,0,2.61667
1281187744,1,3,3000,6000,600,600,5998,4773,822,403,0,0,2.7
1281187744,1,3,4000,6000,600,600,5998,4773,822,403,0,0,2.81667
1281187744,1,3,8000,6000,600,600,6000,1947,297,177,3579,0,2.68333
1281187744,1,3,10000,6000,600,600,6000,1046,63,2,4889,0,2.61667
1281187744,1,4,6000,6000,600,600,5996,3597,1236,1163,0,0,2.55
1281187744,1,4,2000,6000,600,600,5999,4535,1416,48,0,0,2.91667
1281187744,1,4,3000,6000,600,600,5999,4652,1294,53,0,0,2.66667
1281187744,1,4,4000,6000,600,600,5999,4936,923,140,0,0,2.81667
1281187744,1,4,8000,6000,600,600,5996,1551,1839,2606,0,0,2.76667
1281187744,1,4,10000,6000,600,600,5996,1088,1809,2482,617,0,2.55
1281187744,1,5,6000,6000,600,600,5997,3008,1205,1448,336,0,2.85
1281187744,1,5,2000,6000,600,600,5998,4773,822,403,0,0,2.58333
1281187744,1,5,3000,6000,600,600,5998,4777,816,405,0,0,2.83333
1281187744,1,5,4000,6000,600,600,5998,4654,841,503,0,0,2.63333
1281187744,1,5,8000,6000,600,600,5997,1019,1729,2642,607,0,2.75
1281187744,1,5,10000,6000,600,600,5996,583,1738,2495,1180,0,2.55
1281187744,1,6,6000,6000,600,600,5997,2756,1102,1464,675,0,2.68333
1281187744,1,6,2000,6000,600,600,5997,3295,1202,1500,0,0,2.71667
1281187744,1,6,3000,6000,600,600,5997,3295,1202,1500,0,0,2.58333
1281187744,1,6,4000,6000,600,600,5997,3295,1202,1500,0,0,2.66667
1281187744,1,6,8000,6000,600,600,5996,2105,945,1284,1662,0,4.26667
1281187744,1,6,10000,6000,600,600,5997,1664,662,854,2817,0,3.05
1281187744,1,7,6000,6000,600,600,5996,2813,1094,1386,703,0,2.65
1281187744,1,7,2000,6000,600,600,5996,3361,1202,1433,0,0,2.65
1281187744,1,7,3000,6000,600,600,5996,3361,1202,1433,0,0,2.53333
1281187744,1,7,4000,6000,600,600,5996,3361,1202,1433,0,0,2.56667
1281187744,1,7,8000,6000,600,600,5997,2123,900,1213,1761,0,2.51667
1281187744,1,7,10000,6000,600,600,5998,1649,627,819,2903,0,2.56667
1281187744,1,8,6000,6000,600,600,5996,2813,1094,1386,703,0,2.58333
1281187744,1,8,2000,6000,600,600,5996,3361,1202,1433,0,0,2.5
1281187744,1,8,3000,6000,600,600,5996,3361,1202,1433,0,0,2.55
1281187744,1,8,4000,6000,600,600,5996,3361,1202,1433,0,0,2.55
1281187744,1,8,8000,6000,600,600,5997,2123,900,1213,1761,0,2.53333
1281187744,1,8,10000,6000,600,600,5998,1649,627,819,2903,0,2.61667
1281187744,1,9,6000,6000,600,600,5996,2813,1094,1386,703,0,2.55
1281187744,1,9,2000,6000,600,600,5996,3361,1202,1433,0,0,2.61667
1281187744,1,9,3000,6000,600,600,5996,3361,1202,1433,0,0,2.51667
1281187744,1,9,4000,6000,600,600,5996,3361,1202,1433,0,0,2.58333
1281187744,1,9,8000,6000,600,600,5997,2123,900,1213,1761,0,2.55
1281187744,1,9,10000,6000,600,600,5998,1649,627,819,2903,0,2.55
2595571339,1,1,6000,6000,600,600,6000,2532,460,8,3000,0,2.51667
2595571339,1,1,2000,6000,600,600,6000,4515,1441,44,0,0,2.48333
2595571339,1,1,3000,6000,600,600,6000,4515,1441,44,0,0,2.58333
2595571339,1,1,4000,6000,600,600,6000,4515,1441,44,0,0,2.56667
2595571339,1,1,8000,6000,600,600,6000,1559,155,4,4282,0,2.58333
2595571339,1,1,10000,6000,600,600,6000,1050,62,2,4886,0,2.53333
2595571339,1,2,6000,6000,600,600,5998,3178,1335,1485,0,0,2.48333
2595571339,1,2,2000,6000,600,600,5998,3178,1335,1485,0,0,2.55
2595571339,1,2,3000,6000,600,600,5998,3178,1335,1485,0,0,2.66667
2595571339,1,2,4000,6000,600,600,5998,3178,1335,1485,0,0,2.56667
2595571339,1,2,8000,6000,600,600,5998,3178,1335,1485,0,0,2.6
2595571339,1,2,10000,6000,600,600,6000,1426,78,5,4491,0,2.48333
2595571339,1,3,6000,6000,600,600,6000,3799,625,317,1259,0,2.58333
2595571339,1,3,2000,6000,600,600,6000,4793,832,375,0,0,2.66667
2595571339,1,3,3000,6000,600,600,6000,4793,832,375,0,0,2.61667
2595571339,1,3,4000,6000,600,600,6000,4793,832,375,0,0,2.53333
2595571339,1,3,8000,6000,600,600,6000,1904,300,174,3622,0,2.56667
2595571339,1,3,10000,6000,600,600,6000,1050,62,2,4886,0,2.53333
2595571339,1,4,6000,6000,600,600,5998,3487,1322,1189,0,0,2.5
2595571339,1,4,2000,6000,600,600,6000,4515,1441,44,0,0,2.63333
2595571339,1,4,3000,6000,600,600,6000,4641,1311,48,0,0,2.51667
2595571339,1,4,4000,6000,600,600,6000,4869,1003,128,0,0,2.46667
2595571339,1,4,8000,6000,600,600,5997,1520,1875,2602,0,0,2.53333
2595571339,1,4,10000,6000,600,600,5996,1066,1828,2448,654,0,2.56667
2595571339,1,5,6000,6000,600,600,5998,3041,1203,1449,305,0,2.58333
2595571339,1,5,2000,6000,600,600,6000,4793,832,375,0,0,2.55
2595571339,1,5,3000,6000,600,600,6000,4805,810,385,0,0,2.5
2595571339,1,5,4000,6000,600,600,6000,4686,838,476,0,0,2.61667
2595571339,1,5,8000,6000,600,600,5996,1099,1673,2621,603,0,2.55
2595571339,1,5,10000,6000,600,600,5997,587,1693,2570,1147,0,2.58333
2595571339,1,6,6000,6000,600,600,5997,2775,1086,1453,683,0,2.51667
2595571339,1,6,2000,6000,600,600,5997,3309,1184,1504,0,0,2.55
2595571339,1,6,3000,6000,600,600,5997,3309,1184,1504,0,0,2.55
2595571339,1,6,4000,6000,600,600,5997,3309,1184,1504,0,0,2.53333
2595571339,1,6,8000,6000,600,600,5997,2142,892,1250,1713,0,2.58333
2595571339,1,6,10000,6000,600,600,5999,1657,633,810,2899,0,2.55
2595571339,1,7,6000,6000,600,600,5997,2725,1109,1478,685,0,2.56667
2595571339,1,7,2000,6000,600,600,5997,3277,1208,1512,0,0,2.55
2595571339,1,7,3000,6000,600,600,5997,3277,1208,1512,0,0,2.53333
2595571339,1,7,4000,6000,600,600,5997,3277,1208,1512,0,0,2.63333
2595571339,1,7,8000,6000,600,600,5997,2092,957,1294,1654,0,2.58333
2595571339,1,7,10000,6000,600,600,5997,1606,670,824,2897,0,2.6
2595571339,1,8,6000,6000,600,600,5997,2725,1109,1478,685,0,2.6
2595571339,1,8,2000,6000,600,600,5997,3277,1208,1512,0,0,2.51667
2595571339,1,8,3000,6000,600,600,5997,3277,1208,1512,0,0,2.6
2595571339,1,8,4000,6000,600,600,5997,3277,1208,1512,0,0,2.53333
2595571339,1,8,8000,6000,600,600,5997,2092,957,1294,1654,0,2.58333
2595571339,1,8,10000,6000,600,600,5997,1606,670,824,2897,0,2.56667
2595571339,1,9,6000,6000,600,600,5997,2725,1109,1478,685,0,2.5
2595571339,1,9,2000,6000,600,600,5997,3277,1208,1512,0,0,2.58333
2595571339,1,9,3000,6000,600,600,5997,3277,1208,1512,0,0,2.5
2595571339,1,9,4000,6000,600,600,5997,3277,1208,1512,0,0,2.6
2595571339,1,9,8000,6000,600,600,5997,2092,957,1294,1654,0,2.56667
2595571339,1,9,10000,6000,600,600,5997,1606,670,824,2897,0,2.48333
2275089982,1,1,6000,6000,600,600,6000,2499,442,9,3050,0,2.53333
2275089982,1,1,2000,6000,600,600,6000,4548,1417,35,0,0,2.81667
2275089982,1,1,3000,6000,600,600,6000,4548,1417,35,0,0,3
2275089982,1,1,4000,6000,600,600,6000,4548,1417,35,0,0,2.7
2275089982,1,1,8000,6000,600,600,6000,1497,158,5,4340,0,2.75
2275089982,1,1,10000,6000,600,600,6000,997,69,2,4932,0,2.68333
2275089982,1,2,6000,6000,600,600,5995,3212,1321,1462,0,0,2.76667
2275089982,1,2,2000,6000,600,600,5995,3212,1321,1462,0,0,2.85
2275089982,1,2,3000,6000,600,600,5995,3212,1321,1462,0,0,2.58333
2275089982,1,2,4000,6000,600,600,5995,3212,1321,1462,0,0,2.63333
2275089982,1,2,8000,6000,600,600,5995,3212,1321,1462,0,0,2.7
2275089982,1,2,10000,6000,600,600,5999,1350,99,6,4544,0,2.7
2275089982,1,3,6000,6000,600,600,5999,3740,624,296,1339,0,2.6
2275089982,1,3,2000,6000,600,600,5999,4804,826,369,0,0,2.68333
2275089982,1,3,3000,6000,600,600,5999,4804,826,369,0,0,2.65
2275089982,1,3,4000,6000,600,600,5999,4804,826,369,0,0,2.75
2275089982,1,3,8000,6000,600,600,5999,1891,285,152,3671,0,2.83333
2275089982,1,3,10000,6000,600,600,6000,997,69,2,4932,0,2.5
2275089982,1,4,6000,6000,600,600,5997,3497,1300,1200,0,0,2.66667
2275089982,1,4,2000,6000,600,600,6000,4548,1417,35,0,0,2.7
2275089982,1,4,3000,6000,600,600,6000,4654,1308,38,0,0,2.71667
2275089982,1,4,4000,6000,600,600,6000,4896,988,116,0,0,2.78333
2275089982,1,4,8000,6000,600,600,5995,1508,1860,2627,0,0,2.73333
2275089982,1,4,10000,6000,600,600,5993,1070,1820,2495,608,0,2.65
2275089982,1,5,6000,6000,600,600,5998,2945,1250,1493,310,0,2.7
2275089982,1,5,2000,6000,600,600,5999,4804,826,369,0,0,2.65
2275089982,1,5,3000,6000,600,600,5999,4802,817,380,0,0,2.56667
2275089982,1,5,4000,6000,600,600,5999,4736,797,466,0,0,2.7
2275089982,1,5,8000,6000,600,600,5993,1046,1721,2652,574,0,2.68333
2275089982,1,5,10000,6000,600,600,5994,553,1759,2593,1089,0,2.7
2275089982,1,6,6000,6000,600,600,5996,2727,1132,1436,701,0,2.78333
2275089982,1,6,2000,6000,600,600,5996,3280,1226,1490,0,0,2.7
2275089982,1,6,3000,6000,600,600,5996,3280,1226,1490,0,0,2.7
2275089982,1,6,4000,6000,600,600,5996,3280,1226,1490,0,0,2.48333
2275089982,1,6,8000,6000,600,600,5997,2033,958,1263,1743,0,2.71667
2275089982,1,6,10000,6000,600,600,5999,1600,639,777,2983,0,2.7
2275089982,1,7,6000,6000,600,600,5995,2810,1069,1407,709,0,2.58333
2275089982,1,7,2000,6000,600,600,5995,3348,1184,1463,0,0,2.68333
2275089982,1,7,3000,6000,600,600,5995,3348,1184,1463,0,0,2.73333
2275089982,1,7,4000,6000,600,600,5995,3348,1184,1463,0,0,2.71667
2275089982,1,7,8000,6000,600,600,5995,2146,902,1214,1733,0,2.56667
2275089982,1,7,10000,6000,600,600,5995,1684,608,786,2917,0,2.68333
2275089982,1,8,6000,6000,600,600,5995,2810,1069,1407,709,0,2.63333
2275089982,1,8,2000,6000,600,600,5995,3348,1184,1463,0,0,2.7
2275089982,1,8,3000,6000,600,600,5995,3348,1184,1463,0,0,2.65
2275089982,1,8,4000,6000,600,600,5995,3348,1184,1463,0,0,2.68333
2275089982,1,8,8000,6000,600,600,5995,2146,902,1214,1733,0,2.75
2275089982,1,8,10000,6000,600,600,5995,1684,608,786,2917,0,2.5
2275089982,1,9,6000,6000,600,600,5995,2810,1069,1407,709,0,2.63333
2275089982,1,9,2000,6000,600,600,5995,3348,1184,1463,0,0,2.7
2275089982,1,9,3000,6000,600,600,5995,3348,1184,1463,0,0,2.61667
2275089982,1,9,4000,6000,600,600,5995,3348,1184,1463,0,0,2.73333
2275089982,1,9,8000,6000,600,600,5995,2146,902,1214,1733,0,2.63333
2275089982,1,9,10000,6000,600,600,5995,1684,608,786,2917,0,2.66667
1528908777,1,1,6000,6000,600,600,6000,2466,467,12,3055,0,2.61667
1528908777,1,1,2000,6000,600,600,5998,4495,1459,44,0,0,2.71667
1528908777,1,1,3000,6000,600,600,5998,4495,1459,44,0,0,2.65
1528908777,1,1,4000,6000,600,600,5998,4495,1459,44,0,0,2.68333
1528908777,1,1,8000,6000,600,600,6000,1541,128,4,4327,0,2.66667
1528908777,1,1,10000,6000,600,600,6000,1027,42,2,4929,0,2.66667
1528908777,1,2,6000,6000,600,600,5994,3245,1290,1459,0,0,2.81667
1528908777,1,2,2000,6000,600,600,5994,3245,1290,1459,0,0,2.68333
1528908777,1,2,3000,6000,600,600,5994,3245,1290,1459,0,0,2.73333
1528908777,1,2,4000,6000,600,600,5994,3245,1290,1459,0,0,2.71667
1528908777,1,2,8000,6000,600,600,5994,3245,1290,1459,0,0,2.66667
1528908777,1,2,10000,6000,600,600,6000,1395,74,5,4526,0,2.73333
1528908777,1,3,6000,6000,600,600,5998,3747,615,270,1366,0,2.6
1528908777,1,3,2000,6000,600,600,5997,4789,859,349,0,0,2.73333
1528908777,1,3,3000,6000,600,600,5997,4789,859,349,0,0,2.73333
1528908777,1,3,4000,6000,600,600,5997,4789,859,349,0,0,2.61667
1528908777,1,3,8000,6000,600,600,5998,1947,254,137,3660,0,2.7
1528908777,1,3,10000,6000,600,600,6000,1028,41,2,4929,0,2.61667
1528908777,1,4,6000,6000,600,600,5996,3505,1302,1189,0,0,2.7
1528908777,1,4,2000,6000,600,600,5998,4495,1459,44,0,0,2.65
1528908777,1,4,3000,6000,600,600,5998,4616,1331,51,0,0,2.65
1528908777,1,4,4000,6000,600,600,5998,4891,967,140,0,0,2.58333
1528908777,1,4,8000,6000,600,600,5994,1494,1864,2636,0,0,2.63333
1528908777,1,4,10000,6000,600,600,5993,1046,1838,2506,603,0,2.61667
1528908777,1,5,6000,6000,600,600,5995,2968,1237,1453,337,0,3
1528908777,1,5,2000,6000,600,600,5997,4789,859,349,0,0,2.66667
1528908777,1,5,3000,6000,600,600,5997,4802,840,355,0,0,2.7
1528908777,1,5,4000,6000,600,600,5997,4740,800,457,0,0,2.61667
1528908777,1,5,8000,6000,600,600,5994,1038,1711,2684,561,0,2.78333
1528908777,1,5,10000,6000,600,600,5994,555,1749,2583,1107,0,2.68333
1528908777,1,6,6000,6000,600,600,5994,2738,1133,1398,725,0,2.88333
1528908777,1,6,2000,6000,600,600,5994,3319,1229,1446,0,0,2.81667
1528908777,1,6,3000,6000,600,600,5994,3319,1229,1446,0,0,2.71667
1528908777,1,6,4000,6000,600,600,5994,3319,1229,1446,0,0,2.7
1528908777,1,6,8000,6000,600,600,5994,2133,957,1198,1706,0,2.66667
1528908777,1,6,10000,6000,600,600,5996,1611,673,780,2932,0,2.71667
1528908777,1,7,6000,6000,600,600,5994,2870,1087,1301,736,0,2.6
1528908777,1,7,2000,6000,600,600,5994,3435,1187,1372,0,0,2.65
1528908777,1,7,3000,6000,600,600,5994,3435,1187,1372,0,0,2.7
1528908777,1,7,4000,6000,600,600,5994,3435,1187,1372,0,0,3.55
1528908777,1,7,8000,6000,600,600,5994,2172,890,1153,1779,0,3.3
1528908777,1,7,10000,6000,600,600,5996,1643,628,734,2991,0,3.26667
1528908777,1,8,6000,6000,600,600,5994,2870,1087,1301,736,0,3.3
1528908777,1,8,2000,6000,600,600,5994,3435,1187,1372,0,0,3.2
1528908777,1,8,3000,6000,600,600,5994,3435,1187,1372,0,0,3.61667
1528908777,1,8,4000,6000,600,600,5994,3435,1187,1372,0,0,3.51667
1528908777,1,8,8000,6000,600,600,5994,2172,890,1153,1779,0,3.53333
1528908777,1,8,10000,6000,600,600,5996,1643,628,734,2991,0,3.16667
1528908777,1,9,6000,6000,600,600,5994,2870,1087,1301,736,0,3.01667
1528908777,1,9,2000,6000,600,600,5994,3435,1187,1372,0,0,3.01667
1528908777,1,9,3000,6000,600,600,5994,3435,1187,1372,0,0,2.81667
1528908777,1,9,4000,6000,600,600,5994,3435,1187,1372,0,0,2.73333
1528908777,1,9,8000,6000,600,600,5994,2172,890,1153,1779,0,2.83333
1528908777,1,9,10000,6000,600,600,5996,1643,628,734,2991,0,2.75
671917993,1,1,6000,6000,600,600,6000,2492,426,6,3076,0,2.96667
671917993,1,1,2000,6000,600,600,6000,4557,1405,38,0,0,2.78333
671917993,1,1,3000,6000,600,600,6000,4557,1405,38,0,0,2.9
671917993,1,1,4000,6000,600,600,6000,4556,1406,38,0,0,3.35
671917993,1,1,8000,6000,600,600,6000,1498,131,4,4367,0,3.51667
671917993,1,1,10000,6000,600,600,6000,1037,56,0,4907,0,3.15
671917993,1,2,6000,6000,600,600,5998,3269,1251,1478,0,0,3.56667
671917993,1,2,2000,6000,600,600,5998,3269,1251,1478,0,0,3.23333
671917993,1,2,3000,6000,600,600,5998,3269,1251,1478,0,0,3.45
671917993,1,2,4000,6000,600,600,5998,3269,1251,1478,0,0,3.63333
671917993,1,2,8000,6000,600,600,5998,3269,1251,1478,0,0,3.48333
671917993,1,2,10000,6000,600,600,6000,1353,74,5,4568,0,3.48333
671917993,1,3,6000,6000,600,600,5999,3755,583,315,1346,0,3.41667
671917993,1,3,2000,6000,600,600,5999,4824,804,371,0,0,3.66667
671917993,1,3,3000,6000,600,600,5999,4824,804,371,0,0,3.51667
671917993,1,3,4000,6000,600,600,5999,4824,804,371,0,0,3.85
671917993,1,3,8000,6000,600,600,6000,1874,255,165,3706,0,3.71667
671917993,1,3,10000,6000,600,600,6000,1040,53,0,4907,0,3.9
671917993,1,4,6000,6000,600,600,5998,3522,1292,1184,0,0,3.71667
671917993,1,4,2000,6000,600,600,6000,4557,1405,38,0,0,3.56667
671917993,1,4,3000,6000,600,600,6000,4676,1280,44,0,0,3.56667
671917993,1,4,4000,6000,600,600,6000,4901,970,129,0,0,3.65
671917993,1,4,8000,6000,600,600,5996,1523,1869,2604,0,0,3.61667
671917993,1,4,10000,6000,600,600,5996,1004,1857,2549,586,0,3.65
671917993,1,5,6000,6000,600,600,5997,3041,1205,1442,309,0,3.53333
671917993,1,5,2000,6000,600,600,5999,4824,804,371,0,0,3.66667
671917993,1,5,3000,6000,600,600,5999,4834,788,377,0,0,3.71667
671917993,1,5,4000,6000,600,600,5999,4706,794,499,0,0,3.43333
671917993,1,5,8000,6000,600,600,5996,1059,1726,2607,604,0,3.63333
671917993,1,5,10000,6000,600,600,5994,558,1741,2579,1116,0,3.31667
671917993,1,6,6000,6000,600,600,5999,2821,1064,1399,715,0,3.31667
671917993,1,6,2000,6000,600,600,5999,3365,1171,1463,0,0,3.13333
671917993,1,6,3000,6000,600,600,5999,3365,1171,1463,0,0,2.96667
671917993,1,6,4000,6000,600,600,5999,3365,1171,1463,0,0,3.01667
671917993,1,6,8000,6000,600,600,5999,2086,878,1213,1822,0,3.13333
671917993,1,6,10000,6000,600,600,5999,1631,590,794,2984,0,3.26667
671917993,1,7,6000,6000,600,600,5998,2780,1081,1412,725,0,3.35
671917993,1,7,2000,6000,600,600,5998,3365,1166,1467,0,0,3.53333
671917993,1,7,3000,6000,600,600,5998,3365,1166,1467,0,0,3.45
671917993,1,7,4000,6000,600,600,5998,3364,1167,1467,0,0,3.58333
671917993,1,7,8000,6000,600,600,5999,2078,933,1254,1734,0,3.43333
671917993,1,7,10000,6000,600,600,5999,1649,642,802,2906,0,3.63333
671917993,1,8,6000,6000,600,600,5998,2780,1081,1412,725,0,3.61667
671917993,1,8,2000,6000,600,600,5998,3365,1166,1467,0,0,3.53333
671917993,1,8,3000,6000,600,600,5998,3365,1166,1467,0,0,3.61667
671917993,1,8,4000,6000,600,600,5998,3364,1167,1467,0,0,3.6
671917993,1,8,8000,6000,600,600,5999,2078,933,1254,1734,0,3.61667
671917993,1,8,10000,6000,600,600,5999,1649,642,802,2906,0,3.66667
671917993,1,9,6000,6000,600,600,5998,2780,1081,1412,725,0,3.55
671917993,1,9,2000,6000,600,600,5998,3365,1166,1467,0,0,3.65
671917993,1,9,3000,6000,600,600,5998,3365,1166,1467,0,0,3.56667
671917993,1,9,4000,6000,600,600,5998,3364,1167,1467,0,0,3.71667
671917993,1,9,8000,6000,600,600,5999,2078,933,1254,1734,0,3.68333
671917993,1,9,10000,6000,600,600,5999,1649,642,802,2906,0,3.53333
2133313598,1,1,6000,6000,600,600,6000,2544,404,12,3040,0,3.65
2133313598,1,1,2000,6000,600,600,5999,4522,1435,42,0,0,3.55
2133313598,1,1,3000,6000,600,600,5999,4522,1435,42,0,0,3.66667
2133313598,1,1,4000,6000,600,600,5999,4522,1435,42,0,0,3.76667
2133313598,1,1,8000,6000,600,600,6000,1508,139,4,4349,0,3.71667
2133313598,1,1,10000,6000,600,600,6000,997,59,3,4941,0,3.66667
2133313598,1,2,6000,6000,600,600,5993,3139,1359,1495,0,0,3.53333
2133313598,1,2,2000,6000,600,600,5993,3139,1359,1495,0,0,3.61667
2133313598,1,2,3000,6000,600,600,5993,3139,1359,1495,0,0,3.75
2133313598,1,2,4000,6000,600,600,5993,3139,1359,1495,0,0,3.6
2133313598,1,2,8000,6000,600,600,5993,3139,1359,1495,0,0,3.73333
2133313598,1,2,10000,6000,600,600,6000,1327,78,5,4590,0,3.66667
2133313598,1,3,6000,6000,600,600,5996,3731,600,313,1352,0,3.65
2133313598,1,3,2000,6000,600,600,5995,4799,822,374,0,0,3.7
2133313598,1,3,3000,6000,600,600,5995,4799,822,374,0,0,3.56667
2133313598,1,3,4000,6000,600,600,5995,4799,822,374,0,0,3.75
2133313598,1,3,8000,6000,600,600,5999,1904,289,138,3668,0,3.8
2133313598,1,3,10000,6000,600,600,6000,997,59,3,4941,0,3.6
2133313598,1,4,6000,6000,600,600,5993,3479,1310,1204,0,0,3.76667
2133313598,1,4,2000,6000,600,600,5999,4522,1435,42,0,0,3.85
2133313598,1,4,3000,6000,600,600,5999,4649,1303,47,0,0,3.63333
2133313598,1,4,4000,6000,600,600,5998,4916,954,128,0,0,3.73333
2133313598,1,4,8000,6000,600,600,5993,1532,1843,2618,0,0,3.61667
2133313598,1,4,10000,6000,600,600,5994,1027,1842,2517,608,0,3.68333
2133313598,1,5,6000,6000,600,600,5995,2959,1260,1476,300,0,3.83333
2133313598,1,5,2000,6000,600,600,5995,4799,822,374,0,0,3.68333
2133313598,1,5,3000,6000,600,600,5995,4802,812,381,0,0,3.76667
2133313598,1,5,4000,6000,600,600,5995,4665,835,495,0,0,3.63333
2133313598,1,5,8000,6000,600,600,5993,1049,1711,2682,551,0,3.8
2133313598,1,5,10000,6000,600,600,5992,560,1750,2549,1133,0,3.75
2133313598,1,6,6000,6000,600,600,5993,2809,1043,1414,727,0,3.7
2133313598,1,6,2000,6000,600,600,5994,3377,1134,1483,0,0,3.81667
2133313598,1,6,3000,6000,600,600,5994,3377,1134,1483,0,0,3.83333
2133313598,1,6,4000,6000,600,600,5994,3377,1134,1483,0,0,3.68333
2133313598,1,6,8000,6000,600,600,5994,2088,899,1214,1793,0,3.76667
2133313598,1,6,10000,6000,600,600,5997,1605,636,793,2963,0,3.83333
2133313598,1,7,6000,6000,600,600,5994,2754,1064,1433,743,0,3.7
2133313598,1,7,2000,6000,600,600,5994,3319,1166,1509,0,0,3.8
2133313598,1,7,3000,6000,600,600,5994,3318,1167,1509,0,0,3.68333
2133313598,1,7,4000,6000,600,600,5994,3318,1167,1509,0,0,3.75
2133313598,1,7,8000,6000,600,600,5995,2101,887,1222,1785,0,3.8
2133313598,1,7,10000,6000,600,600,5995,1609,643,759,2984,0,3.7
2133313598,1,8,6000,6000,600,600,5994,2754,1064,1433,743,0,3.88333
2133313598,1,8,2000,6000,600,600,5994,3319,1166,1509,0,0,3.63333
2133313598,1,8,3000,6000,600,600,5994,3318,1167,1509,0,0,3.76667
2133313598,1,8,4000,6000,600,600,5994,3318,1167,1509,0,0,3.75
2133313598,1,8,8000,6000,600,600,5995,2101,887,1222,1785,0,3.7
2133313598,1,8,10000,6000,600,600,5995,1609,643,759,2984,0,3.71667
2133313598,1,9,6000,6000,600,600,5994,2754,1064,1433,743,0,3.73333
2133313598,1,9,2000,6000,600,600,5994,3319,1166,1509,0,0,3.76667
2133313598,1,9,3000,6000,600,600,5994,3318,1167,1509,0,0,3.91667
2133313598,1,9,4000,6000,600,600,5994,3318,1167,1509,0,0,3.7
2133313598,1,9,8000,6000,600,600,5995,2101,887,1222,1785,0,3.85
2133313598,1,9,10000,6000,600,600,5995,1609,643,759,2984,0,3.7