RunSeed,Seed,packetSize,N,d,P_0,sigma,Algoritmo,Radius,nDevices,appPeriodsSeconds,batteryVoltage,batteryEnergyInit,hours,TxPowerdBm,PHYTotal,PHYSuccessful,PHYInterfered,PHYNoMoreReceivers,PHYUnderSensitivity,PHYLostBecauseTX,batteryEnergyFinal
2314927680,1,23,3.78,41,79,0,1,2000,1000,600,3.3,10000,4,3,23997,16885,2175,349,4588,0,9998.03
2314927680,1,23,3.78,41,79,0,1,3000,1000,600,3.3,10000,4,3,23997,11164,4726,591,7516,0,9997.16
2314927680,1,23,3.78,41,79,0,1,4000,1000,600,3.3,10000,4,3,23997,8291,3938,423,11345,0,9996.82
2314927680,1,23,3.78,41,79,0,1,5000,1000,600,3.3,10000,4,3,23997,7078,3070,319,13530,0,9996.65
2314927680,1,23,3.78,41,79,0,1,6000,1000,600,3.3,10000,4,3,23997,6396,2476,263,14862,0,9996.53
2314927680,1,23,3.78,41,79,0,1,8000,1000,600,3.3,10000,4,3,23997,5558,2059,207,16173,0,9996.21
861648815,1,23,3.78,41,79,0,1,2000,1000,600,3.3,10000,4,3,23997,16656,2477,449,4415,0,9997.95
861648815,1,23,3.78,41,79,0,1,3000,1000,600,3.3,10000,4,3,23997,10739,5157,837,7264,0,9997.09
861648815,1,23,3.78,41,79,0,1,4000,1000,600,3.3,10000,4,3,23997,8036,4095,598,11268,0,9996.78
861648815,1,23,3.78,41,79,0,1,5000,1000,600,3.3,10000,4,3,23997,6879,3187,418,13513,0,9996.62
861648815,1,23,3.78,41,79,0,1,6000,1000,600,3.3,10000,4,3,23997,6212,2628,356,14801,0,9996.52
861648815,1,23,3.78,41,79,0,1,8000,1000,600,3.3,10000,4,3,23997,5417,2133,271,16176,0,9996.23
716359404,1,23,3.78,41,79,0,1,2000,1000,600,3.3,10000,4,3,23996,16637,2364,459,4536,0,9998.02
716359404,1,23,3.78,41,79,0,1,3000,1000,600,3.3,10000,4,3,23997,10783,5035,788,7391,0,9997.13
716359404,1,23,3.78,41,79,0,1,4000,1000,600,3.3,10000,4,3,23998,8109,4037,561,11291,0,9996.77
716359404,1,23,3.78,41,79,0,1,5000,1000,600,3.3,10000,4,3,23999,6923,3180,408,13488,0,9996.6
716359404,1,23,3.78,41,79,0,1,6000,1000,600,3.3,10000,4,3,23999,6238,2623,325,14813,0,9996.49
716359404,1,23,3.78,41,79,0,1,8000,1000,600,3.3,10000,4,3,23998,5436,2112,248,16202,0,9996.19
518024951,1,23,3.78,41,79,0,1,2000,1000,600,3.3,10000,4,3,24000,16658,2279,465,4598,0,9997.98
518024951,1,23,3.78,41,79,0,1,3000,1000,600,3.3,10000,4,3,24000,10661,5018,798,7523,0,9997.14
518024951,1,23,3.78,41,79,0,1,4000,1000,600,3.3,10000,4,3,24000,8138,3889,509,11464,0,9996.81
518024951,1,23,3.78,41,79,0,1,5000,1000,600,3.3,10000,4,3,24000,6956,3062,391,13591,0,9996.6
518024951,1,23,3.78,41,79,0,1,6000,1000,600,3.3,10000,4,3,24000,6260,2512,327,14901,0,9996.49
518024951,1,23,3.78,41,79,0,1,8000,1000,600,3.3,10000,4,3,24000,5479,2045,238,16238,0,9996.19
652227427,1,23,3.78,41,79,0,1,2000,1000,600,3.3,10000,4,3,23999,16625,2513,411,4450,0,9997.96
652227427,1,23,3.78,41,79,0,1,3000,1000,600,3.3,10000,4,3,23998,10945,4973,774,7306,0,9997.08
652227427,1,23,3.78,41,79,0,1,4000,1000,600,3.3,10000,4,3,23998,8116,3976,515,11391,0,9996.77
652227427,1,23,3.78,41,79,0,1,5000,1000,600,3.3,10000,4,3,23998,6970,3062,353,13613,0,9996.61
652227427,1,23,3.78,41,79,0,1,6000,1000,600,3.3,10000,4,3,23998,6197,2547,272,14982,0,9996.49
652227427,1,23,3.78,41,79,0,1,8000,1000,600,3.3,10000,4,3,23999,5405,2107,192,16295,0,9996.19
2447348191,1,23,3.78,41,79,0,1,2000,1000,600,3.3,10000,4,3,24000,16656,2423,504,4417,0,9997.95
2447348191,1,23,3.78,41,79,0,1,3000,1000,600,3.3,10000,4,3,24000,10884,5010,850,7256,0,9997.1
2447348191,1,23,3.78,41,79,0,1,4000,1000,600,3.3,10000,4,3,24000,8197,3965,556,11282,0,9996.75
2447348191,1,23,3.78,41,79,0,1,5000,1000,600,3.3,10000,4,3,24000,7028,3064,430,13478,0,9996.6
2447348191,1,23,3.78,41,79,0,1,6000,1000,600,3.3,10000,4,3,24000,6314,2480,351,14855,0,9996.49
2447348191,1,23,3.78,41,79,0,1,8000,1000,600,3.3,10000,4,3,24000,5567,2011,280,16142,0,9996.18
4276470015,1,23,3.78,41,79,0,1,2000,1000,600,3.3,10000,4,3,23999,16489,2580,424,4506,0,9998.01
4276470015,1,23,3.78,41,79,0,1,3000,1000,600,3.3,10000,4,3,23999,10904,4937,757,7401,0,9997.13
4276470015,1,23,3.78,41,79,0,1,4000,1000,600,3.3,10000,4,3,23999,7992,4119,566,11322,0,9996.76
4276470015,1,23,3.78,41,79,0,1,5000,1000,600,3.3,10000,4,3,23999,6830,3116,415,13638,0,9996.62
4276470015,1,23,3.78,41,79,0,1,6000,1000,600,3.3,10000,4,3,23999,6153,2586,329,14931,0,9996.51
4276470015,1,23,3.78,41,79,0,1,8000,1000,600,3.3,10000,4,3,23998,5372,2105,235,16286,0,9996.22
2314927680,1,23,3.78,41,79,0,2,2000,1000,600,3.3,10000,4,3,24000,15363,416,28,8193,0,9999.29
2314927680,1,23,3.78,41,79,0,2,3000,1000,600,3.3,10000,4,3,24000,10648,222,8,13122,0,9999.29
2314927680,1,23,3.78,41,79,0,2,4000,1000,600,3.3,10000,4,3,24000,8351,144,3,15502,0,9999.29
2314927680,1,23,3.78,41,79,0,2,5000,1000,600,3.3,10000,4,3,24000,6364,101,1,17534,0,9999.29
2314927680,1,23,3.78,41,79,0,2,6000,1000,600,3.3,10000,4,3,24000,4418,56,0,19526,0,9999.29
2314927680,1,23,3.78,41,79,0,2,8000,1000,600,3.3,10000,4,3,24000,2543,13,0,21444,0,9999.29
861648815,1,23,3.78,41,79,0,2,2000,1000,600,3.3,10000,4,3,24000,15290,390,20,8300,0,9999.29
861648815,1,23,3.78,41,79,0,2,3000,1000,600,3.3,10000,4,3,24000,10526,210,8,13256,0,9999.29
861648815,1,23,3.78,41,79,0,2,4000,1000,600,3.3,10000,4,3,24000,8362,138,2,15498,0,9999.29
861648815,1,23,3.78,41,79,0,2,5000,1000,600,3.3,10000,4,3,24000,6393,90,0,17517,0,9999.29
861648815,1,23,3.78,41,79,0,2,6000,1000,600,3.3,10000,4,3,24000,4436,47,0,19517,0,9999.29
861648815,1,23,3.78,41,79,0,2,8000,1000,600,3.3,10000,4,3,24000,2514,20,0,21466,0,9999.29
716359404,1,23,3.78,41,79,0,2,2000,1000,600,3.3,10000,4,3,23998,15288,338,30,8342,0,9999.29
716359404,1,23,3.78,41,79,0,2,3000,1000,600,3.3,10000,4,3,23999,10520,153,15,13311,0,9999.29
716359404,1,23,3.78,41,79,0,2,4000,1000,600,3.3,10000,4,3,23999,8378,73,5,15543,0,9999.29
716359404,1,23,3.78,41,79,0,2,5000,1000,600,3.3,10000,4,3,24000,6381,45,4,17570,0,9999.29
716359404,1,23,3.78,41,79,0,2,6000,1000,600,3.3,10000,4,3,24000,4407,29,2,19562,0,9999.29
716359404,1,23,3.78,41,79,0,2,8000,1000,600,3.3,10000,4,3,24000,2501,12,0,21487,0,9999.29
518024951,1,23,3.78,41,79,0,2,2000,1000,600,3.3,10000,4,3,24000,15205,393,56,8346,0,9999.29
518024951,1,23,3.78,41,79,0,2,3000,1000,600,3.3,10000,4,3,24000,10405,248,17,13330,0,9999.29
518024951,1,23,3.78,41,79,0,2,4000,1000,600,3.3,10000,4,3,24000,8237,171,6,15586,0,9999.29
518024951,1,23,3.78,41,79,0,2,5000,1000,600,3.3,10000,4,3,24000,6394,105,3,17498,0,9999.29
518024951,1,23,3.78,41,79,0,2,6000,1000,600,3.3,10000,4,3,24000,4424,59,3,19514,0,9999.29
518024951,1,23,3.78,41,79,0,2,8000,1000,600,3.3,10000,4,3,24000,2446,19,1,21534,0,9999.29
652227427,1,23,3.78,41,79,0,2,2000,1000,600,3.3,10000,4,3,24000,15385,296,41,8278,0,9999.29
652227427,1,23,3.78,41,79,0,2,3000,1000,600,3.3,10000,4,3,24000,10415,196,21,13368,0,9999.29
652227427,1,23,3.78,41,79,0,2,4000,1000,600,3.3,10000,4,3,24000,8241,132,8,15619,0,9999.29
652227427,1,23,3.78,41,79,0,2,5000,1000,600,3.3,10000,4,3,24000,6309,91,4,17596,0,9999.29
652227427,1,23,3.78,41,79,0,2,6000,1000,600,3.3,10000,4,3,24000,4387,59,4,19550,0,9999.29
652227427,1,23,3.78,41,79,0,2,8000,1000,600,3.3,10000,4,3,24000,2575,21,3,21401,0,9999.29
2447348191,1,23,3.78,41,79,0,2,2000,1000,600,3.3,10000,4,3,24000,15223,392,59,8326,0,9999.29
2447348191,1,23,3.78,41,79,0,2,3000,1000,600,3.3,10000,4,3,24000,10506,227,30,13237,0,9999.29
2447348191,1,23,3.78,41,79,0,2,4000,1000,600,3.3,10000,4,3,24000,8351,121,8,15520,0,9999.29
2447348191,1,23,3.78,41,79,0,2,5000,1000,600,3.3,10000,4,3,24000,6359,72,4,17565,0,9999.29
2447348191,1,23,3.78,41,79,0,2,6000,1000,600,3.3,10000,4,3,24000,4391,39,2,19568,0,9999.29
2447348191,1,23,3.78,41,79,0,2,8000,1000,600,3.3,10000,4,3,24000,2501,12,0,21487,0,9999.29

2314927680,1,23,3.78,41,79,0,3,2000,1000,600,3.3,10000,4,3,24000,14290,272,7,9431,0,9999.5
2314927680,1,23,3.78,41,79,0,3,3000,1000,600,3.3,10000,4,3,24000,9690,162,2,14146,0,9999.5
2314927680,1,23,3.78,41,79,0,3,4000,1000,600,3.3,10000,4,3,24000,7804,125,0,16071,0,9999.5
2314927680,1,23,3.78,41,79,0,3,5000,1000,600,3.3,10000,4,3,24000,6030,92,0,17878,0,9999.5
2314927680,1,23,3.78,41,79,0,3,6000,1000,600,3.3,10000,4,3,24000,4190,51,0,19759,0,9999.5
2314927680,1,23,3.78,41,79,0,3,8000,1000,600,3.3,10000,4,3,24000,2399,12,0,21589,0,9999.5
861648815,1,23,3.78,41,79,0,3,2000,1000,600,3.3,10000,4,3,24000,14186,273,6,9535,0,9999.5
861648815,1,23,3.78,41,79,0,3,3000,1000,600,3.3,10000,4,3,24000,9626,148,3,14223,0,9999.5
861648815,1,23,3.78,41,79,0,3,4000,1000,600,3.3,10000,4,3,24000,7787,115,0,16098,0,9999.51
861648815,1,23,3.78,41,79,0,3,5000,1000,600,3.3,10000,4,3,24000,6033,85,0,17882,0,9999.51
861648815,1,23,3.78,41,79,0,3,6000,1000,600,3.3,10000,4,3,24000,4186,46,0,19768,0,9999.51
861648815,1,23,3.78,41,79,0,3,8000,1000,600,3.3,10000,4,3,24000,2378,20,0,21602,0,9999.51
716359404,1,23,3.78,41,79,0,3,2000,1000,600,3.3,10000,4,3,23999,14216,181,8,9594,0,9999.5
716359404,1,23,3.78,41,79,0,3,3000,1000,600,3.3,10000,4,3,23999,9639,70,4,14286,0,9999.5
716359404,1,23,3.78,41,79,0,3,4000,1000,600,3.3,10000,4,3,24000,7851,51,4,16094,0,9999.5
716359404,1,23,3.78,41,79,0,3,5000,1000,600,3.3,10000,4,3,24000,6036,35,3,17926,0,9999.5
716359404,1,23,3.78,41,79,0,3,6000,1000,600,3.3,10000,4,3,24000,4161,21,1,19817,0,9999.5
716359404,1,23,3.78,41,79,0,3,8000,1000,600,3.3,10000,4,3,24000,2357,9,0,21634,0,9999.5
518024951,1,23,3.78,41,79,0,3,2000,1000,600,3.3,10000,4,3,24000,14068,295,11,9626,0,9999.5
518024951,1,23,3.78,41,79,0,3,3000,1000,600,3.3,10000,4,3,24000,9477,183,4,14336,0,9999.5
518024951,1,23,3.78,41,79,0,3,4000,1000,600,3.3,10000,4,3,24000,7754,141,3,16102,0,9999.5
518024951,1,23,3.78,41,79,0,3,5000,1000,600,3.3,10000,4,3,24000,6044,97,2,17857,0,9999.5
518024951,1,23,3.78,41,79,0,3,6000,1000,600,3.3,10000,4,3,24000,4140,57,2,19801,0,9999.5
518024951,1,23,3.78,41,79,0,3,8000,1000,600,3.3,10000,4,3,24000,2307,19,1,21673,0,9999.5
652227427,1,23,3.78,41,79,0,3,2000,1000,600,3.3,10000,4,3,24000,14197,236,18,9549,0,9999.5
652227427,1,23,3.78,41,79,0,3,3000,1000,600,3.3,10000,4,3,24000,9600,63,3,14334,0,9999.5
652227427,1,23,3.78,41,79,0,3,4000,1000,600,3.3,10000,4,3,24000,7773,36,1,16190,0,9999.5
652227427,1,23,3.78,41,79,0,3,5000,1000,600,3.3,10000,4,3,24000,6022,16,0,17962,0,9999.5
652227427,1,23,3.78,41,79,0,3,6000,1000,600,3.3,10000,4,3,24000,4190,11,0,19799,0,9999.5
652227427,1,23,3.78,41,79,0,3,8000,1000,600,3.3,10000,4,3,24000,2430,8,0,21562,0,9999.5
2314927680,1,23,3.78,41,79,0,10,2000,1000,600,3.3,10000,4,3,23998,18261,1108,238,4391,0,9998.46
2314927680,1,23,3.78,41,79,0,10,3000,1000,600,3.3,10000,4,3,23999,13091,723,168,10017,0,9998.46
2314927680,1,23,3.78,41,79,0,10,4000,1000,600,3.3,10000,4,3,23999,9789,395,64,13751,0,9998.46
2314927680,1,23,3.78,41,79,0,10,5000,1000,600,3.3,10000,4,3,23999,8128,217,39,15615,0,9998.46
2314927680,1,23,3.78,41,79,0,10,6000,1000,600,3.3,10000,4,3,23998,6951,192,35,16820,0,9998.46
2314927680,1,23,3.78,41,79,0,10,8000,1000,600,3.3,10000,4,3,23998,5158,129,15,18696,0,9998.46
861648815,1,23,3.78,41,79,0,10,2000,1000,600,3.3,10000,4,3,23998,17787,1423,301,4487,0,9998.39
861648815,1,23,3.78,41,79,0,10,3000,1000,600,3.3,10000,4,3,24000,12927,971,188,9914,0,9998.39
861648815,1,23,3.78,41,79,0,10,4000,1000,600,3.3,10000,4,3,24000,9745,573,108,13574,0,9998.39
861648815,1,23,3.78,41,79,0,10,5000,1000,600,3.3,10000,4,3,24000,8116,359,69,15456,0,9998.39
861648815,1,23,3.78,41,79,0,10,6000,1000,600,3.3,10000,4,3,24000,6965,260,50,16725,0,9998.39
861648815,1,23,3.78,41,79,0,10,8000,1000,600,3.3,10000,4,3,23999,5396,121,34,18448,0,9998.39
716359404,1,23,3.78,41,79,0,10,2000,1000,600,3.3,10000,4,3,23997,18021,1095,199,4682,0,9998.46
716359404,1,23,3.78,41,79,0,10,3000,1000,600,3.3,10000,4,3,23999,12760,814,136,10289,0,9998.46
716359404,1,23,3.78,41,79,0,10,4000,1000,600,3.3,10000,4,3,23999,9681,449,77,13792,0,9998.46
716359404,1,23,3.78,41,79,0,10,5000,1000,600,3.3,10000,4,3,23999,8114,220,46,15619,0,9998.46
716359404,1,23,3.78,41,79,0,10,6000,1000,600,3.3,10000,4,3,24000,6850,215,33,16902,0,9998.46
716359404,1,23,3.78,41,79,0,10,8000,1000,600,3.3,10000,4,3,24000,5284,119,21,18576,0,9998.46
518024951,1,23,3.78,41,79,0,10,2000,1000,600,3.3,10000,4,3,24000,17556,1402,292,4750,0,9998.43
518024951,1,23,3.78,41,79,0,10,3000,1000,600,3.3,10000,4,3,24000,12352,1083,228,10337,0,9998.43
518024951,1,23,3.78,41,79,0,10,4000,1000,600,3.3,10000,4,3,24000,9524,517,110,13849,0,9998.43
518024951,1,23,3.78,41,79,0,10,5000,1000,600,3.3,10000,4,3,24000,7980,294,77,15649,0,9998.43
518024951,1,23,3.78,41,79,0,10,6000,1000,600,3.3,10000,4,3,24000,6873,255,54,16818,0,9998.43
518024951,1,23,3.78,41,79,0,10,8000,1000,600,3.3,10000,4,3,24000,5352,122,29,18497,0,9998.43
2314927680,1,23,3.78,41,79,0,5,2000,1000,600,3.3,10000,4,3,24000,19163,1499,250,3088,0,9998.36
2314927680,1,23,3.78,41,79,0,5,3000,1000,600,3.3,10000,4,3,23999,14642,4432,618,4307,0,9997.39
2314927680,1,23,3.78,41,79,0,5,4000,1000,600,3.3,10000,4,3,24000,11263,2823,309,9605,0,9997.01
2314927680,1,23,3.78,41,79,0,5,5000,1000,600,3.3,10000,4,3,24000,9436,1539,156,12869,0,9996.81
2314927680,1,23,3.78,41,79,0,5,6000,1000,600,3.3,10000,4,3,24000,8183,876,96,14845,0,9996.67
2314927680,1,23,3.78,41,79,0,5,8000,1000,600,3.3,10000,4,3,23999,6546,641,75,16737,0,9996.32
861648815,1,23,3.78,41,79,0,5,2000,1000,600,3.3,10000,4,3,23996,18879,1938,341,2838,0,9998.27
861648815,1,23,3.78,41,79,0,5,3000,1000,600,3.3,10000,4,3,23996,14341,4895,703,4057,0,9997.3
861648815,1,23,3.78,41,79,0,5,4000,1000,600,3.3,10000,4,3,23998,11139,2913,350,9596,0,9996.95
861648815,1,23,3.78,41,79,0,5,5000,1000,600,3.3,10000,4,3,24000,9316,1625,191,12868,0,9996.77
861648815,1,23,3.78,41,79,0,5,6000,1000,600,3.3,10000,4,3,24000,8024,982,97,14897,0,9996.63
861648815,1,23,3.78,41,79,0,5,8000,1000,600,3.3,10000,4,3,24000,6335,616,56,16993,0,9996.3
2314927680,1,23,3.78,41,79,0,7,2000,1000,600,3.3,10000,4,3,24000,20036,1236,210,2518,0,9998.45
2314927680,1,23,3.78,41,79,0,7,3000,1000,600,3.3,10000,4,3,24000,14651,776,122,8451,0,9998.45
2314927680,1,23,3.78,41,79,0,7,4000,1000,600,3.3,10000,4,3,24000,10731,297,41,12931,0,9998.45
2314927680,1,23,3.78,41,79,0,7,5000,1000,600,3.3,10000,4,3,24000,8364,140,19,15477,0,9998.45
2314927680,1,23,3.78,41,79,0,7,6000,1000,600,3.3,10000,4,3,24000,6305,70,10,17615,0,9998.45
2314927680,1,23,3.78,41,79,0,7,8000,1000,600,3.3,10000,4,3,24000,3530,28,3,20439,0,9998.45
861648815,1,23,3.78,41,79,0,7,2000,1000,600,3.3,10000,4,3,23997,19756,1429,271,2541,0,9998.45
861648815,1,23,3.78,41,79,0,7,3000,1000,600,3.3,10000,4,3,23997,14342,911,145,8599,0,9998.45
861648815,1,23,3.78,41,79,0,7,4000,1000,600,3.3,10000,4,3,23999,10576,371,61,12991,0,9998.45
861648815,1,23,3.78,41,79,0,7,5000,1000,600,3.3,10000,4,3,24000,8264,183,30,15523,0,9998.45
861648815,1,23,3.78,41,79,0,7,6000,1000,600,3.3,10000,4,3,24000,6249,90,14,17647,0,9998.45
861648815,1,23,3.78,41,79,0,7,8000,1000,600,3.3,10000,4,3,24000,3521,34,3,20442,0,9998.45
2314927680,1,23,3.78,41,79,0,8,2000,1000,600,3.3,10000,4,3,23999,20691,1859,352,1097,0,9998.11
2314927680,1,23,3.78,41,79,0,8,3000,1000,600,3.3,10000,4,3,23999,15601,1273,215,6910,0,9998.11
2314927680,1,23,3.78,41,79,0,8,4000,1000,600,3.3,10000,4,3,23999,11324,533,72,12070,0,9998.11
2314927680,1,23,3.78,41,79,0,8,5000,1000,600,3.3,10000,4,3,23999,9125,266,32,14576,0,9998.11
2314927680,1,23,3.78,41,79,0,8,6000,1000,600,3.3,10000,4,3,24000,7608,162,15,16215,0,9998.11
2314927680,1,23,3.78,41,79,0,8,8000,1000,600,3.3,10000,4,3,24000,4869,75,5,19051,0,9998.11
861648815,1,23,3.78,41,79,0,8,2000,1000,600,3.3,10000,4,3,23997,20270,2127,470,1130,0,9998.11
861648815,1,23,3.78,41,79,0,8,3000,1000,600,3.3,10000,4,3,23997,15270,1419,263,7045,0,9998.11
861648815,1,23,3.78,41,79,0,8,4000,1000,600,3.3,10000,4,3,23999,11214,573,104,12108,0,9998.11
861648815,1,23,3.78,41,79,0,8,5000,1000,600,3.3,10000,4,3,24000,9063,288,53,14596,0,9998.11
861648815,1,23,3.78,41,79,0,8,6000,1000,600,3.3,10000,4,3,24000,7582,151,28,16239,0,9998.11
861648815,1,23,3.78,41,79,0,8,8000,1000,600,3.3,10000,4,3,24000,4879,69,6,19046,0,9998.11
2314927680,1,23,3.78,41,79,0,9,2000,1000,600,3.3,10000,4,3,23998,16284,6080,1237,397,0,9996.73
2314927680,1,23,3.78,41,79,0,9,3000,1000,600,3.3,10000,4,3,23998,11589,7766,1308,3335,0,9996.27
2314927680,1,23,3.78,41,79,0,9,4000,1000,600,3.3,10000,4,3,23998,8652,5178,730,9438,0,9996.1
2314927680,1,23,3.78,41,79,0,9,5000,1000,600,3.3,10000,4,3,23998,7211,3797,484,12506,0,9996.02
2314927680,1,23,3.78,41,79,0,9,6000,1000,600,3.3,10000,4,3,23998,6413,2964,347,14274,0,9995.99
2314927680,1,23,3.78,41,79,0,9,8000,1000,600,3.3,10000,4,3,23998,5473,2321,241,15963,0,9995.87
861648815,1,23,3.78,41,79,0,9,2000,1000,600,3.3,10000,4,3,23996,15859,6529,1237,371,0,9996.68
861648815,1,23,3.78,41,79,0,9,3000,1000,600,3.3,10000,4,3,23996,11469,7794,1318,3415,0,9996.27
861648815,1,23,3.78,41,79,0,9,4000,1000,600,3.3,10000,4,3,23998,8597,5118,717,9566,0,9996.12
861648815,1,23,3.78,41,79,0,9,5000,1000,600,3.3,10000,4,3,24000,7253,3667,472,12608,0,9996.07
861648815,1,23,3.78,41,79,0,9,6000,1000,600,3.3,10000,4,3,24000,6445,2895,348,14312,0,9996.03
861648815,1,23,3.78,41,79,0,9,8000,1000,600,3.3,10000,4,3,24000,5496,2230,240,16034,0,9995.9