RunSeed,Seed,Algoritmo,Radius,nDevices,appPeriodsSeconds,batteryVoltage,batteryEnergyInit,hours,TxPowerdBm,PHYTotal,PHYSuccessful,PHYInterfered,PHYNoMoreReceivers,PHYUnderSensitivity,PHYLostBecauseTX,batteryEnergyFinalcurrenthora
2314927680,1,5,2000,1000,600,3.3,10000,4,9,24000,21755,1718,277,250,0,9998.235126,0.037140
2314927680,1,5,3000,1000,600,3.3,10000,4,9,24000,20554,1652,271,1523,0,9998.229340,0.037261
2314927680,1,5,4000,1000,600,3.3,10000,4,9,24000,18273,1482,253,3992,0,9998.227406,0.037302
2314927680,1,5,5000,1000,600,3.3,10000,4,9,24000,16389,1323,225,6063,0,9998.228023,0.037289
2314927680,1,5,6000,1000,600,3.3,10000,4,9,24000,12633,1034,150,10183,0,9998.235327,0.037135
2314927680,1,5,8000,1000,600,3.3,10000,4,9,24000,7999,454,61,15486,0,9998.226049,0.037331
861648815,1,5,2000,1000,600,3.3,10000,4,9,23999,22026,1448,287,238,0,9998.228230,0.037285
861648815,1,5,3000,1000,600,3.3,10000,4,9,23999,20789,1368,281,1561,0,9998.225831,0.037335
861648815,1,5,4000,1000,600,3.3,10000,4,9,23999,18606,1282,268,3843,0,9998.225017,0.037352
861648815,1,5,5000,1000,600,3.3,10000,4,9,24000,16742,1148,246,5864,0,9998.230078,0.037246
861648815,1,5,6000,1000,600,3.3,10000,4,9,23999,12820,978,180,10021,0,9998.230021,0.037247
861648815,1,5,8000,1000,600,3.3,10000,4,9,24000,8189,410,46,15355,0,9998.227628,0.037297
716359404,1,5,2000,1000,600,3.3,10000,4,9,24000,22354,1138,269,239,0,9998.229597,0.037256
716359404,1,5,3000,1000,600,3.3,10000,4,9,24000,21092,1066,265,1577,0,9998.228958,0.037269
716359404,1,5,4000,1000,600,3.3,10000,4,9,24000,18990,985,238,3787,0,9998.229728,0.037253
716359404,1,5,5000,1000,600,3.3,10000,4,9,24000,17086,823,203,5888,0,9998.220327,0.037451
716359404,1,5,6000,1000,600,3.3,10000,4,9,24000,13374,709,162,9755,0,9998.223903,0.037376
716359404,1,5,8000,1000,600,3.3,10000,4,9,24000,8478,324,68,15130,0,9998.231727,0.037211
518024951,1,5,2000,1000,600,3.3,10000,4,9,23999,22001,1452,299,247,0,9998.228710,0.037275
518024951,1,5,3000,1000,600,3.3,10000,4,9,23999,20566,1403,287,1743,0,9998.233718,0.037169
518024951,1,5,4000,1000,600,3.3,10000,4,9,24000,18612,1300,271,3817,0,9998.222747,0.037400
518024951,1,5,5000,1000,600,3.3,10000,4,9,24000,16551,1154,233,6062,0,9998.232351,0.037198
518024951,1,5,6000,1000,600,3.3,10000,4,9,24000,12920,858,162,10060,0,9998.226945,0.037312
518024951,1,5,8000,1000,600,3.3,10000,4,9,24000,8202,385,59,15354,0,9998.227886,0.037292
652227427,1,5,2000,1000,600,3.3,10000,4,9,23999,22054,1365,268,312,0,9998.233423,0.037175
652227427,1,5,3000,1000,600,3.3,10000,4,9,23999,20691,1303,255,1750,0,9998.230259,0.037242
652227427,1,5,4000,1000,600,3.3,10000,4,9,23999,18511,1245,228,4015,0,9998.229468,0.037259
652227427,1,5,5000,1000,600,3.3,10000,4,9,23999,16696,1135,208,5960,0,9998.221189,0.037433
652227427,1,5,6000,1000,600,3.3,10000,4,9,23999,12911,886,156,10046,0,9998.230473,0.037238
652227427,1,5,8000,1000,600,3.3,10000,4,9,23999,8370,385,60,15184,0,9998.229638,0.037255
2447348191,1,5,2000,1000,600,3.3,10000,4,9,24000,22003,1479,262,256,0,9998.222961,0.037396
2447348191,1,5,3000,1000,600,3.3,10000,4,9,24000,20761,1435,258,1546,0,9998.227812,0.037294
2447348191,1,5,4000,1000,600,3.3,10000,4,9,24000,18901,1396,232,3471,0,9998.228717,0.037274
2447348191,1,5,5000,1000,600,3.3,10000,4,9,24000,16534,1191,212,6063,0,9998.232361,0.037198
2447348191,1,5,6000,1000,600,3.3,10000,4,9,24000,12670,928,157,10245,0,9998.229280,0.037263
2447348191,1,5,8000,1000,600,3.3,10000,4,9,24000,8369,386,72,15173,0,9998.227672,0.037296
2314927680,1,6,2000,1000,600,3.3,10000,4,9,24000,21139,2361,393,107,0,9997.837335,0.045511
2314927680,1,6,3000,1000,600,3.3,10000,4,9,24000,20468,2255,388,889,0,9997.842345,0.045405
2314927680,1,6,4000,1000,600,3.3,10000,4,9,24000,18994,2092,363,2551,0,9997.841521,0.045423
2314927680,1,6,5000,1000,600,3.3,10000,4,9,24000,17032,1983,337,4648,0,9997.835751,0.045544
2314927680,1,6,6000,1000,600,3.3,10000,4,9,24000,15068,1656,282,6994,0,9997.844457,0.045361
2314927680,1,6,8000,1000,600,3.3,10000,4,9,24000,9401,636,110,13853,0,9997.843400,0.045383
861648815,1,6,2000,1000,600,3.3,10000,4,9,23999,21582,1918,427,72,0,9997.839324,0.045469
861648815,1,6,3000,1000,600,3.3,10000,4,9,23999,20838,1930,425,806,0,9997.846886,0.045310
861648815,1,6,4000,1000,600,3.3,10000,4,9,23999,19150,1790,395,2664,0,9997.840673,0.045440
861648815,1,6,5000,1000,600,3.3,10000,4,9,23999,17693,1637,363,4306,0,9997.840038,0.045454
861648815,1,6,6000,1000,600,3.3,10000,4,9,23999,15359,1407,320,6913,0,9997.839515,0.045465
861648815,1,6,8000,1000,600,3.3,10000,4,9,24000,9419,605,103,13873,0,9997.841802,0.045417
716359404,1,6,2000,1000,600,3.3,10000,4,9,24000,21394,2073,435,98,0,9997.839760,0.045460
716359404,1,6,3000,1000,600,3.3,10000,4,9,24000,20677,2010,425,888,0,9997.836809,0.045522
716359404,1,6,4000,1000,600,3.3,10000,4,9,24000,19211,1848,387,2554,0,9997.844076,0.045369
716359404,1,6,5000,1000,600,3.3,10000,4,9,24000,17275,1731,350,4644,0,9997.845595,0.045337
716359404,1,6,6000,1000,600,3.3,10000,4,9,24000,15448,1460,270,6822,0,9997.839139,0.045473
716359404,1,6,8000,1000,600,3.3,10000,4,9,24000,9780,621,109,13490,0,9997.839290,0.045469
518024951,1,6,2000,1000,600,3.3,10000,4,9,23999,21385,2064,446,104,0,9997.843717,0.045376
518024951,1,6,3000,1000,600,3.3,10000,4,9,23999,20602,1961,435,1001,0,9997.841328,0.045427
518024951,1,6,4000,1000,600,3.3,10000,4,9,23999,18922,1927,419,2731,0,9997.840103,0.045452
518024951,1,6,5000,1000,600,3.3,10000,4,9,23999,17283,1661,353,4702,0,9997.844501,0.045360
518024951,1,6,6000,1000,600,3.3,10000,4,9,24000,15240,1473,303,6984,0,9997.842653,0.045399
518024951,1,6,8000,1000,600,3.3,10000,4,9,23999,9484,543,93,13879,0,9997.842543,0.045401
652227427,1,6,2000,1000,600,3.3,10000,4,9,23999,21426,2104,387,82,0,9997.838066,0.045495
652227427,1,6,3000,1000,600,3.3,10000,4,9,23999,20679,2065,380,875,0,9997.839153,0.045472
652227427,1,6,4000,1000,600,3.3,10000,4,9,23999,18986,1918,350,2745,0,9997.843270,0.045386
652227427,1,6,5000,1000,600,3.3,10000,4,9,23999,17223,1798,313,4665,0,9997.835018,0.045559
652227427,1,6,6000,1000,600,3.3,10000,4,9,23999,15137,1436,261,7165,0,9997.845601,0.045337
652227427,1,6,8000,1000,600,3.3,10000,4,9,23999,9434,633,100,13832,0,9997.844046,0.045369
2447348191,1,6,2000,1000,600,3.3,10000,4,9,24000,21514,2023,397,66,0,9997.841160,0.045430
2447348191,1,6,3000,1000,600,3.3,10000,4,9,24000,20859,1946,390,805,0,9997.844467,0.045361
2447348191,1,6,4000,1000,600,3.3,10000,4,9,24000,19241,1884,361,2514,0,9997.842847,0.045395
2447348191,1,6,5000,1000,600,3.3,10000,4,9,24000,17575,1672,322,4431,0,9997.839358,0.045468
2447348191,1,6,6000,1000,600,3.3,10000,4,9,24000,15117,1523,263,7097,0,9997.841402,0.045425
2447348191,1,6,8000,1000,600,3.3,10000,4,9,24000,9712,664,118,13506,0,9997.839620,0.045463
2314927680,1,7,2000,1000,600,3.3,10000,4,9,23999,19169,4014,734,82,0,9997.059426,0.061881
2314927680,1,7,3000,1000,600,3.3,10000,4,9,23999,18551,3983,730,735,0,9997.059409,0.061881
2314927680,1,7,4000,1000,600,3.3,10000,4,9,23999,17388,3908,711,1992,0,9997.055244,0.061969
2314927680,1,7,5000,1000,600,3.3,10000,4,9,23999,16149,3551,646,3653,0,9997.055169,0.061970
2314927680,1,7,6000,1000,600,3.3,10000,4,9,23999,14757,3400,564,5278,0,9997.057475,0.061922
2314927680,1,7,8000,1000,600,3.3,10000,4,9,23999,10088,1609,227,12075,0,9997.055828,0.061956
861648815,1,7,2000,1000,600,3.3,10000,4,9,23999,19157,3996,761,85,0,9997.054352,0.061988
861648815,1,7,3000,1000,600,3.3,10000,4,9,23999,18774,3893,756,576,0,9997.059193,0.061886
861648815,1,7,4000,1000,600,3.3,10000,4,9,23999,17468,3826,732,1973,0,9997.059396,0.061881
861648815,1,7,5000,1000,600,3.3,10000,4,9,23999,16240,3624,680,3455,0,9997.057641,0.061918
861648815,1,7,6000,1000,600,3.3,10000,4,9,23999,14784,3409,604,5202,0,9997.062380,0.061819
861648815,1,7,8000,1000,600,3.3,10000,4,9,23999,10020,1502,217,12260,0,9997.063698,0.061791
716359404,1,7,2000,1000,600,3.3,10000,4,9,24000,19269,3868,777,86,0,9997.064840,0.061767
716359404,1,7,3000,1000,600,3.3,10000,4,9,24000,18682,3908,770,640,0,9997.061549,0.061836
716359404,1,7,4000,1000,600,3.3,10000,4,9,24000,17586,3794,740,1880,0,9997.053099,0.062014
716359404,1,7,5000,1000,600,3.3,10000,4,9,24000,16147,3600,672,3581,0,9997.055263,0.061968
716359404,1,7,6000,1000,600,3.3,10000,4,9,24000,14808,3297,605,5290,0,9997.061070,0.061846
716359404,1,7,8000,1000,600,3.3,10000,4,9,24000,10348,1553,233,11866,0,9997.058122,0.061908
518024951,1,7,2000,1000,600,3.3,10000,4,9,23999,19208,3936,798,57,0,9997.061728,0.061832
518024951,1,7,3000,1000,600,3.3,10000,4,9,23999,18554,3931,792,722,0,9997.062356,0.061819
518024951,1,7,4000,1000,600,3.3,10000,4,9,23999,17258,3820,766,2155,0,9997.063967,0.061785
518024951,1,7,5000,1000,600,3.3,10000,4,9,23999,15845,3630,687,3837,0,9997.064660,0.061771
518024951,1,7,6000,1000,600,3.3,10000,4,9,24000,14645,3314,622,5419,0,9997.059943,0.061870
518024951,1,7,8000,1000,600,3.3,10000,4,9,24000,10088,1613,245,12054,0,9997.058938,0.061891
652227427,1,7,2000,1000,600,3.3,10000,4,9,23998,19355,3862,722,59,0,9997.057804,0.061915
652227427,1,7,3000,1000,600,3.3,10000,4,9,23998,18611,3860,710,817,0,9997.058197,0.061907
652227427,1,7,4000,1000,600,3.3,10000,4,9,23998,17540,3794,691,1973,0,9997.053033,0.062015
652227427,1,7,5000,1000,600,3.3,10000,4,9,23998,16122,3538,621,3717,0,9997.063055,0.061804
652227427,1,7,6000,1000,600,3.3,10000,4,9,23998,14730,3275,567,5426,0,9997.062223,0.061822
652227427,1,7,8000,1000,600,3.3,10000,4,9,23999,10113,1475,230,12181,0,9997.062378,0.061819
2447348191,1,7,2000,1000,600,3.3,10000,4,9,23999,19473,3759,701,66,0,9997.063883,0.061787
2447348191,1,7,3000,1000,600,3.3,10000,4,9,23999,18891,3788,692,628,0,9997.054297,0.061989
2447348191,1,7,4000,1000,600,3.3,10000,4,9,23999,17684,3664,671,1980,0,9997.061499,0.061837
2447348191,1,7,5000,1000,600,3.3,10000,4,9,23999,16691,3389,611,3308,0,9997.057807,0.061915
2447348191,1,7,6000,1000,600,3.3,10000,4,9,23999,15056,3187,522,5234,0,9997.060447,0.061859
2447348191,1,7,8000,1000,600,3.3,10000,4,9,23999,10095,1361,230,12313,0,9997.062412,0.061818
2314927680,1,4,2000,1000,600,3.3,10000,4,9,24000,22469,645,5,881,0,9999.618754,0.008023
2314927680,1,4,3000,1000,600,3.3,10000,4,9,24000,20397,1118,43,2442,0,9999.188632,0.017074
2314927680,1,4,4000,1000,600,3.3,10000,4,9,24000,18582,1798,321,3299,0,9997.989862,0.042301
2314927680,1,4,5000,1000,600,3.3,10000,4,9,23999,15284,4294,718,3703,0,9996.908542,0.065056
2314927680,1,4,6000,1000,600,3.3,10000,4,9,24000,12851,6123,1005,4021,0,9996.309072,0.077671
2314927680,1,4,8000,1000,600,3.3,10000,4,9,23999,8890,5402,686,9021,0,9995.703734,0.090410
861648815,1,4,2000,1000,600,3.3,10000,4,9,24000,22633,500,3,864,0,9999.608462,0.008239
861648815,1,4,3000,1000,600,3.3,10000,4,9,24000,20503,1169,38,2290,0,9999.150568,0.017875
861648815,1,4,4000,1000,600,3.3,10000,4,9,23999,18743,1815,393,3048,0,9997.856183,0.045114
861648815,1,4,5000,1000,600,3.3,10000,4,9,23999,15131,4391,768,3709,0,9996.855774,0.066166
861648815,1,4,6000,1000,600,3.3,10000,4,9,24000,12716,6328,1012,3944,0,9996.281333,0.078255
861648815,1,4,8000,1000,600,3.3,10000,4,9,23999,9192,5347,711,8749,0,9995.698242,0.090525
716359404,1,4,2000,1000,600,3.3,10000,4,9,24000,22322,714,4,960,0,9999.617621,0.008047
716359404,1,4,3000,1000,600,3.3,10000,4,9,24000,20775,824,38,2363,0,9999.171206,0.017441
716359404,1,4,4000,1000,600,3.3,10000,4,9,24000,18950,1549,352,3149,0,9997.978333,0.042544
716359404,1,4,5000,1000,600,3.3,10000,4,9,24000,15238,4169,716,3877,0,9996.918204,0.064853
716359404,1,4,6000,1000,600,3.3,10000,4,9,24000,12842,6091,940,4127,0,9996.330434,0.077222
716359404,1,4,8000,1000,600,3.3,10000,4,9,24000,9197,5338,674,8791,0,9995.719506,0.090078
518024951,1,4,2000,1000,600,3.3,10000,4,9,23999,22511,614,10,864,0,9999.616983,0.008060
518024951,1,4,3000,1000,600,3.3,10000,4,9,23999,20538,1127,57,2277,0,9999.164978,0.017572
518024951,1,4,4000,1000,600,3.3,10000,4,9,23999,18658,1791,392,3158,0,9997.943165,0.043284
518024951,1,4,5000,1000,600,3.3,10000,4,9,23999,15158,4350,811,3680,0,9996.862284,0.066029
518024951,1,4,6000,1000,600,3.3,10000,4,9,23999,12254,6520,1172,4053,0,9996.254632,0.078817
518024951,1,4,8000,1000,600,3.3,10000,4,9,24000,8834,5491,819,8856,0,9995.704781,0.090388
652227427,1,4,2000,1000,600,3.3,10000,4,9,24000,22442,683,14,861,0,9999.612189,0.008161
652227427,1,4,3000,1000,600,3.3,10000,4,9,24000,20418,981,43,2558,0,9999.158720,0.017704
652227427,1,4,4000,1000,600,3.3,10000,4,9,23999,18575,1804,345,3275,0,9997.918322,0.043806
652227427,1,4,5000,1000,600,3.3,10000,4,9,23998,15124,4294,735,3845,0,9996.850418,0.066279
652227427,1,4,6000,1000,600,3.3,10000,4,9,23998,12608,6234,919,4237,0,9996.298563,0.077892
652227427,1,4,8000,1000,600,3.3,10000,4,9,23999,9072,5221,633,9073,0,9995.738292,0.089682
2447348191,1,4,2000,1000,600,3.3,10000,4,9,24000,22655,522,7,816,0,9999.613213,0.008139
2447348191,1,4,3000,1000,600,3.3,10000,4,9,24000,20595,1020,55,2330,0,9999.150999,0.017866
2447348191,1,4,4000,1000,600,3.3,10000,4,9,24000,19066,1803,344,2787,0,9997.878902,0.044636
2447348191,1,4,5000,1000,600,3.3,10000,4,9,23999,14954,4739,750,3556,0,9996.764651,0.068084
2447348191,1,4,6000,1000,600,3.3,10000,4,9,23999,12693,6611,952,3743,0,9996.211016,0.079735
2447348191,1,4,8000,1000,600,3.3,10000,4,9,23999,9111,5537,623,8728,0,9995.643017,0.091687
2314927680,1,1,2000,1000,600,3.3,10000,4,9,24000,22347,731,47,875,0,9999.200426,0.016826
2314927680,1,1,3000,1000,600,3.3,10000,4,9,24000,19195,538,46,4221,0,9999.195871,0.016922
2314927680,1,1,4000,1000,600,3.3,10000,4,9,24000,14714,373,41,8872,0,9999.201865,0.016796
2314927680,1,1,5000,1000,600,3.3,10000,4,9,24000,11268,230,31,12471,0,9999.199410,0.016847
2314927680,1,1,6000,1000,600,3.3,10000,4,9,24000,8727,180,23,15070,0,9999.199767,0.016840
2314927680,1,1,8000,1000,600,3.3,10000,4,9,24000,5836,70,10,18084,0,9999.196426,0.016910
861648815,1,1,2000,1000,600,3.3,10000,4,9,24000,22525,637,62,776,0,9999.195692,0.016926
861648815,1,1,3000,1000,600,3.3,10000,4,9,24000,19290,489,53,4168,0,9999.200019,0.016835
861648815,1,1,4000,1000,600,3.3,10000,4,9,24000,14799,366,45,8790,0,9999.201731,0.016799
861648815,1,1,5000,1000,600,3.3,10000,4,9,24000,11132,247,40,12581,0,9999.202322,0.016786
861648815,1,1,6000,1000,600,3.3,10000,4,9,24000,8876,165,14,14945,0,9999.197964,0.016878
861648815,1,1,8000,1000,600,3.3,10000,4,9,24000,5924,50,10,18016,0,9999.202949,0.016773
716359404,1,1,2000,1000,600,3.3,10000,4,9,24000,22456,627,31,886,0,9999.200937,0.016815
716359404,1,1,3000,1000,600,3.3,10000,4,9,24000,19612,457,30,3901,0,9999.203409,0.016763
716359404,1,1,4000,1000,600,3.3,10000,4,9,24000,14929,302,27,8742,0,9999.199854,0.016838
716359404,1,1,5000,1000,600,3.3,10000,4,9,24000,11414,208,20,12358,0,9999.201265,0.016808
716359404,1,1,6000,1000,600,3.3,10000,4,9,24000,8839,157,13,14991,0,9999.200229,0.016830
716359404,1,1,8000,1000,600,3.3,10000,4,9,24000,6075,68,5,17852,0,9999.200073,0.016833
518024951,1,1,2000,1000,600,3.3,10000,4,9,23999,22357,665,57,920,0,9999.194261,0.016956
518024951,1,1,3000,1000,600,3.3,10000,4,9,23999,19402,465,54,4078,0,9999.199716,0.016841
518024951,1,1,4000,1000,600,3.3,10000,4,9,23999,14708,354,43,8894,0,9999.198155,0.016874
518024951,1,1,5000,1000,600,3.3,10000,4,9,23999,11295,213,34,12457,0,9999.198442,0.016868
518024951,1,1,6000,1000,600,3.3,10000,4,9,24000,8860,150,23,14967,0,9999.198467,0.016867
518024951,1,1,8000,1000,600,3.3,10000,4,9,24000,5878,79,5,18038,0,9999.199349,0.016849
652227427,1,1,2000,1000,600,3.3,10000,4,9,24000,22509,579,63,849,0,9999.201101,0.016812
652227427,1,1,3000,1000,600,3.3,10000,4,9,24000,19186,399,58,4357,0,9999.201476,0.016804
652227427,1,1,4000,1000,600,3.3,10000,4,9,24000,14581,273,43,9103,0,9999.199734,0.016841
652227427,1,1,5000,1000,600,3.3,10000,4,9,24000,11170,124,37,12669,0,9999.200700,0.016820
652227427,1,1,6000,1000,600,3.3,10000,4,9,24000,8630,101,22,15247,0,9999.199175,0.016852
652227427,1,1,8000,1000,600,3.3,10000,4,9,24000,6129,79,9,17783,0,9999.198379,0.016869
2447348191,1,1,2000,1000,600,3.3,10000,4,9,24000,22575,678,59,688,0,9999.195204,0.016936
2447348191,1,1,3000,1000,600,3.3,10000,4,9,24000,19217,561,56,4166,0,9999.200235,0.016830
2447348191,1,1,4000,1000,600,3.3,10000,4,9,24000,14796,390,42,8772,0,9999.199171,0.016852
2447348191,1,1,5000,1000,600,3.3,10000,4,9,24000,11431,281,31,12257,0,9999.196563,0.016907
2447348191,1,1,6000,1000,600,3.3,10000,4,9,24000,8728,167,21,15084,0,9999.203191,0.016768
2447348191,1,1,8000,1000,600,3.3,10000,4,9,24000,6034,97,8,17861,0,9999.198591,0.016865
2314927680,1,2,2000,1000,600,3.3,10000,4,9,24000,22388,674,15,923,0,9999.444858,0.011682
2314927680,1,2,3000,1000,600,3.3,10000,4,9,24000,18848,452,14,4686,0,9999.442809,0.011725
2314927680,1,2,4000,1000,600,3.3,10000,4,9,24000,13709,235,7,10049,0,9999.443792,0.011705
2314927680,1,2,5000,1000,600,3.3,10000,4,9,24000,10473,155,8,13364,0,9999.444683,0.011686
2314927680,1,2,6000,1000,600,3.3,10000,4,9,24000,7791,84,5,16120,0,9999.444242,0.011695
2314927680,1,2,8000,1000,600,3.3,10000,4,9,24000,5294,34,2,18670,0,9999.441271,0.011758
861648815,1,2,2000,1000,600,3.3,10000,4,9,24000,22581,540,21,858,0,9999.443114,0.011719
861648815,1,2,3000,1000,600,3.3,10000,4,9,24000,18917,389,18,4676,0,9999.441042,0.011763
861648815,1,2,4000,1000,600,3.3,10000,4,9,24000,13624,222,13,10141,0,9999.444063,0.011699
861648815,1,2,5000,1000,600,3.3,10000,4,9,24000,10621,144,11,13224,0,9999.444326,0.011693
861648815,1,2,6000,1000,600,3.3,10000,4,9,24000,8290,79,5,15626,0,9999.440515,0.011774
861648815,1,2,8000,1000,600,3.3,10000,4,9,24000,5444,22,3,18531,0,9999.440688,0.011770
716359404,1,2,2000,1000,600,3.3,10000,4,9,24000,22511,593,14,882,0,9999.443558,0.011710
716359404,1,2,3000,1000,600,3.3,10000,4,9,24000,18901,407,13,4679,0,9999.443276,0.011716
716359404,1,2,4000,1000,600,3.3,10000,4,9,24000,13851,233,8,9908,0,9999.443427,0.011712
716359404,1,2,5000,1000,600,3.3,10000,4,9,24000,10571,158,8,13263,0,9999.443331,0.011714
716359404,1,2,6000,1000,600,3.3,10000,4,9,24000,8185,81,5,15729,0,9999.443009,0.011721
716359404,1,2,8000,1000,600,3.3,10000,4,9,24000,5653,27,3,18317,0,9999.443053,0.011720
518024951,1,2,2000,1000,600,3.3,10000,4,9,23999,22342,576,22,1059,0,9999.442494,0.011732
518024951,1,2,3000,1000,600,3.3,10000,4,9,23999,18910,436,22,4631,0,9999.443123,0.011719
518024951,1,2,4000,1000,600,3.3,10000,4,9,23999,13623,187,14,10175,0,9999.443813,0.011704
518024951,1,2,5000,1000,600,3.3,10000,4,9,24000,10565,143,9,13283,0,9999.443826,0.011704
518024951,1,2,6000,1000,600,3.3,10000,4,9,24000,7932,73,8,15987,0,9999.442328,0.011736
518024951,1,2,8000,1000,600,3.3,10000,4,9,23999,5423,24,2,18550,0,9999.442847,0.011725
652227427,1,2,2000,1000,600,3.3,10000,4,9,24000,22479,551,28,942,0,9999.444315,0.011694
652227427,1,2,3000,1000,600,3.3,10000,4,9,24000,18818,333,22,4827,0,9999.441580,0.011751
652227427,1,2,4000,1000,600,3.3,10000,4,9,24000,13646,185,17,10152,0,9999.443929,0.011702
652227427,1,2,5000,1000,600,3.3,10000,4,9,24000,10487,116,9,13388,0,9999.442692,0.011728
652227427,1,2,6000,1000,600,3.3,10000,4,9,24000,8016,71,2,15911,0,9999.444538,0.011689
652227427,1,2,8000,1000,600,3.3,10000,4,9,24000,5569,28,5,18398,0,9999.441706,0.011749
2447348191,1,2,2000,1000,600,3.3,10000,4,9,24000,22294,660,27,1019,0,9999.443335,0.011714
2447348191,1,2,3000,1000,600,3.3,10000,4,9,24000,18811,501,25,4663,0,9999.442901,0.011723
2447348191,1,2,4000,1000,600,3.3,10000,4,9,24000,13605,320,20,10055,0,9999.444117,0.011698
2447348191,1,2,5000,1000,600,3.3,10000,4,9,24000,10621,144,14,13221,0,9999.443601,0.011709
2447348191,1,2,6000,1000,600,3.3,10000,4,9,24000,8113,97,5,15785,0,9999.441279,0.011758
2447348191,1,2,8000,1000,600,3.3,10000,4,9,24000,5398,66,2,18534,0,9999.440762,0.011768
2314927680,1,3,2000,1000,600,3.3,10000,4,9,24000,22574,629,41,756,0,9999.230944,0.016184
2314927680,1,3,3000,1000,600,3.3,10000,4,9,24000,19609,458,40,3893,0,9999.244229,0.015904
2314927680,1,3,4000,1000,600,3.3,10000,4,9,24000,14140,303,32,9525,0,9999.239240,0.016009
2314927680,1,3,5000,1000,600,3.3,10000,4,9,24000,11083,190,21,12706,0,9999.239595,0.016002
2314927680,1,3,6000,1000,600,3.3,10000,4,9,24000,8812,125,17,15046,0,9999.237645,0.016043
2314927680,1,3,8000,1000,600,3.3,10000,4,9,24000,5680,52,11,18257,0,9999.234074,0.016118
861648815,1,3,2000,1000,600,3.3,10000,4,9,24000,22567,576,53,804,0,9999.237109,0.016054
861648815,1,3,3000,1000,600,3.3,10000,4,9,24000,19685,473,46,3796,0,9999.237883,0.016038
861648815,1,3,4000,1000,600,3.3,10000,4,9,24000,14184,301,38,9477,0,9999.235903,0.016079
861648815,1,3,5000,1000,600,3.3,10000,4,9,24000,11153,205,26,12616,0,9999.235163,0.016095
861648815,1,3,6000,1000,600,3.3,10000,4,9,24000,8841,145,16,14998,0,9999.240102,0.015991
861648815,1,3,8000,1000,600,3.3,10000,4,9,24000,5828,51,4,18117,0,9999.237243,0.016051
716359404,1,3,2000,1000,600,3.3,10000,4,9,24000,22459,638,29,874,0,9999.237758,0.016040
716359404,1,3,3000,1000,600,3.3,10000,4,9,24000,19605,501,29,3865,0,9999.237094,0.016054
716359404,1,3,4000,1000,600,3.3,10000,4,9,24000,14404,262,20,9314,0,9999.236592,0.016065
716359404,1,3,5000,1000,600,3.3,10000,4,9,24000,11530,198,17,12255,0,9999.235239,0.016093
716359404,1,3,6000,1000,600,3.3,10000,4,9,24000,8967,166,14,14853,0,9999.237095,0.016054
716359404,1,3,8000,1000,600,3.3,10000,4,9,24000,6011,60,8,17921,0,9999.237275,0.016051
518024951,1,3,2000,1000,600,3.3,10000,4,9,23999,22493,579,55,872,0,9999.238113,0.016033
518024951,1,3,3000,1000,600,3.3,10000,4,9,23999,19568,432,55,3944,0,9999.238610,0.016023
518024951,1,3,4000,1000,600,3.3,10000,4,9,23999,14099,253,38,9609,0,9999.239899,0.015995
518024951,1,3,5000,1000,600,3.3,10000,4,9,24000,11321,191,32,12456,0,9999.233936,0.016121
518024951,1,3,6000,1000,600,3.3,10000,4,9,24000,8808,125,22,15045,0,9999.238686,0.016021
518024951,1,3,8000,1000,600,3.3,10000,4,9,24000,5667,63,9,18261,0,9999.237565,0.016044
652227427,1,3,2000,1000,600,3.3,10000,4,9,24000,22456,561,54,929,0,9999.239358,0.016007
652227427,1,3,3000,1000,600,3.3,10000,4,9,24000,19449,416,49,4086,0,9999.238641,0.016022
652227427,1,3,4000,1000,600,3.3,10000,4,9,24000,14224,237,36,9503,0,9999.235247,0.016093
652227427,1,3,5000,1000,600,3.3,10000,4,9,24000,11171,144,29,12656,0,9999.237182,0.016053
652227427,1,3,6000,1000,600,3.3,10000,4,9,24000,8828,105,20,15047,0,9999.238034,0.016035
652227427,1,3,8000,1000,600,3.3,10000,4,9,24000,5790,57,7,18146,0,9999.240781,0.015977
2447348191,1,3,2000,1000,600,3.3,10000,4,9,24000,22564,635,52,749,0,9999.238512,0.016025
2447348191,1,3,3000,1000,600,3.3,10000,4,9,24000,19488,512,47,3953,0,9999.240903,0.015974
2447348191,1,3,4000,1000,600,3.3,10000,4,9,24000,14222,352,35,9391,0,9999.237693,0.016042
2447348191,1,3,5000,1000,600,3.3,10000,4,9,24000,11326,278,36,12360,0,9999.238824,0.016018
2447348191,1,3,6000,1000,600,3.3,10000,4,9,24000,8814,155,15,15016,0,9999.237396,0.016048
2447348191,1,3,8000,1000,600,3.3,10000,4,9,24000,5796,93,11,18100,0,9999.239723,0.015999
2314927680,1,27,2000,1000,600,3.3,10000,4,9,24000,21725,925,1,1349,0,9999.709770,0.006108
2314927680,1,27,3000,1000,600,3.3,10000,4,9,24000,16133,571,1,7295,0,9999.709683,0.006109
2314927680,1,27,4000,1000,600,3.3,10000,4,9,24000,11585,319,0,12096,0,9999.709730,0.006108
2314927680,1,27,5000,1000,600,3.3,10000,4,9,24000,8720,172,0,15108,0,9999.709666,0.006110
2314927680,1,27,6000,1000,600,3.3,10000,4,9,24000,6539,91,0,17370,0,9999.709865,0.006106
2314927680,1,27,8000,1000,600,3.3,10000,4,9,24000,4315,23,0,19662,0,9999.709704,0.006109
861648815,1,27,2000,1000,600,3.3,10000,4,9,24000,21906,833,1,1260,0,9999.709726,0.006108
861648815,1,27,3000,1000,600,3.3,10000,4,9,24000,15963,477,1,7559,0,9999.709715,0.006109
861648815,1,27,4000,1000,600,3.3,10000,4,9,24000,11711,259,1,12029,0,9999.709846,0.006106
861648815,1,27,5000,1000,600,3.3,10000,4,9,24000,8816,184,0,15000,0,9999.709749,0.006108
861648815,1,27,6000,1000,600,3.3,10000,4,9,24000,6616,110,0,17274,0,9999.709823,0.006106
861648815,1,27,8000,1000,600,3.3,10000,4,9,24000,4225,29,0,19746,0,9999.709975,0.006103
716359404,1,27,2000,1000,600,3.3,10000,4,9,24000,21768,1018,2,1212,0,9999.709778,0.006107
716359404,1,27,3000,1000,600,3.3,10000,4,9,24000,16169,547,1,7283,0,9999.709652,0.006110
716359404,1,27,4000,1000,600,3.3,10000,4,9,24000,11806,362,1,11831,0,9999.709668,0.006110
716359404,1,27,5000,1000,600,3.3,10000,4,9,24000,9070,212,1,14717,0,9999.709783,0.006107
716359404,1,27,6000,1000,600,3.3,10000,4,9,24000,6713,121,1,17165,0,9999.709770,0.006108
716359404,1,27,8000,1000,600,3.3,10000,4,9,24000,4318,56,1,19625,0,9999.709699,0.006109
518024951,1,27,2000,1000,600,3.3,10000,4,9,23999,21732,1017,3,1247,0,9999.709539,0.006112
518024951,1,27,3000,1000,600,3.3,10000,4,9,24000,15934,577,2,7487,0,9999.709713,0.006109
518024951,1,27,4000,1000,600,3.3,10000,4,9,23999,11639,293,1,12066,0,9999.709887,0.006105
518024951,1,27,5000,1000,600,3.3,10000,4,9,24000,8788,188,1,15023,0,9999.709852,0.006106
518024951,1,27,6000,1000,600,3.3,10000,4,9,23999,6546,100,1,17352,0,9999.709638,0.006110
518024951,1,27,8000,1000,600,3.3,10000,4,9,24000,4025,49,0,19926,0,9999.709852,0.006106
652227427,1,27,2000,1000,600,3.3,10000,4,9,24000,21794,946,6,1254,0,9999.709492,0.006113
652227427,1,27,3000,1000,600,3.3,10000,4,9,24000,15803,493,3,7701,0,9999.710081,0.006101
652227427,1,27,4000,1000,600,3.3,10000,4,9,24000,11662,254,1,12083,0,9999.709767,0.006108
652227427,1,27,5000,1000,600,3.3,10000,4,9,24000,8871,153,1,14975,0,9999.709638,0.006110
652227427,1,27,6000,1000,600,3.3,10000,4,9,24000,6625,101,0,17274,0,9999.709852,0.006106
652227427,1,27,8000,1000,600,3.3,10000,4,9,24000,4346,52,0,19602,0,9999.709556,0.006112
2447348191,1,27,2000,1000,600,3.3,10000,4,9,24000,21898,826,4,1272,0,9999.709777,0.006107
2447348191,1,27,3000,1000,600,3.3,10000,4,9,24000,16272,495,4,7229,0,9999.709716,0.006109
2447348191,1,27,4000,1000,600,3.3,10000,4,9,24000,11816,297,1,11886,0,9999.709794,0.006107
2447348191,1,27,5000,1000,600,3.3,10000,4,9,24000,8910,155,1,14934,0,9999.709826,0.006106
2447348191,1,27,6000,1000,600,3.3,10000,4,9,24000,6707,121,0,17172,0,9999.709863,0.006106
2447348191,1,27,8000,1000,600,3.3,10000,4,9,24000,4151,43,0,19806,0,9999.709724,0.006109
2314927680,1,32,2000,1000,600,3.3,10000,4,9,23998,8943,13047,2008,0,0,9994.968605,0.105880
2314927680,1,32,3000,1000,600,3.3,10000,4,9,23998,8973,13017,2008,0,0,9994.960676,0.106046
2314927680,1,32,4000,1000,600,3.3,10000,4,9,23998,9088,12893,2006,11,0,9994.966366,0.105927
2314927680,1,32,5000,1000,600,3.3,10000,4,9,23996,8765,12294,1851,1086,0,9994.961033,0.106039
2314927680,1,32,6000,1000,600,3.3,10000,4,9,23997,8754,11853,1774,1616,0,9994.961580,0.106027
2314927680,1,32,8000,1000,600,3.3,10000,4,9,23996,7543,7761,976,7716,0,9994.964337,0.105969
861648815,1,32,2000,1000,600,3.3,10000,4,9,23999,8823,13125,2051,0,0,9994.959276,0.106076
861648815,1,32,3000,1000,600,3.3,10000,4,9,23999,8888,13060,2051,0,0,9994.965339,0.105948
861648815,1,32,4000,1000,600,3.3,10000,4,9,23999,8890,13058,2051,0,0,9994.966820,0.105917
861648815,1,32,5000,1000,600,3.3,10000,4,9,23999,8739,12373,1908,979,0,9994.962077,0.106017
861648815,1,32,6000,1000,600,3.3,10000,4,9,23999,8662,11910,1836,1591,0,9994.964956,0.105956
861648815,1,32,8000,1000,600,3.3,10000,4,9,24000,7552,7765,1023,7660,0,9994.957787,0.106107
716359404,1,32,2000,1000,600,3.3,10000,4,9,23999,8767,13119,2113,0,0,9994.964173,0.105973
716359404,1,32,3000,1000,600,3.3,10000,4,9,23999,8840,13046,2113,0,0,9994.959975,0.106061
716359404,1,32,4000,1000,600,3.3,10000,4,9,23999,8909,12973,2112,5,0,9994.967388,0.105905
716359404,1,32,5000,1000,600,3.3,10000,4,9,23999,8708,12263,1945,1083,0,9994.962522,0.106008
716359404,1,32,6000,1000,600,3.3,10000,4,9,23999,8740,11792,1886,1581,0,9994.957170,0.106120
716359404,1,32,8000,1000,600,3.3,10000,4,9,23999,7640,7773,1057,7529,0,9994.961174,0.106036
518024951,1,32,2000,1000,600,3.3,10000,4,9,23999,8722,13001,2276,0,0,9994.963078,0.105996
518024951,1,32,3000,1000,600,3.3,10000,4,9,23999,8774,12949,2276,0,0,9994.968208,0.105888
518024951,1,32,4000,1000,600,3.3,10000,4,9,23999,8758,12961,2276,4,0,9994.962815,0.106001
518024951,1,32,5000,1000,600,3.3,10000,4,9,23999,8702,12162,2126,1009,0,9994.958863,0.106085
518024951,1,32,6000,1000,600,3.3,10000,4,9,23999,8568,11790,2018,1623,0,9994.960201,0.106056
518024951,1,32,8000,1000,600,3.3,10000,4,9,23999,7452,7769,1090,7688,0,9994.963617,0.105984
652227427,1,32,2000,1000,600,3.3,10000,4,9,23998,8934,13016,2048,0,0,9994.967742,0.105898
652227427,1,32,3000,1000,600,3.3,10000,4,9,23998,8972,12978,2048,0,0,9994.963778,0.105981
652227427,1,32,4000,1000,600,3.3,10000,4,9,23998,9007,12931,2048,12,0,9994.962850,0.106001
652227427,1,32,5000,1000,600,3.3,10000,4,9,23998,8899,12083,1871,1145,0,9994.960804,0.106044
652227427,1,32,6000,1000,600,3.3,10000,4,9,23998,8815,11824,1809,1550,0,9994.963647,0.105984
652227427,1,32,8000,1000,600,3.3,10000,4,9,23999,7542,7624,974,7859,0,9994.958942,0.106083
2447348191,1,32,2000,1000,600,3.3,10000,4,9,23997,8978,13158,1861,0,0,9994.957101,0.106122
2447348191,1,32,3000,1000,600,3.3,10000,4,9,23997,9005,13131,1861,0,0,9994.968776,0.105876
2447348191,1,32,4000,1000,600,3.3,10000,4,9,23997,9041,13089,1861,6,0,9994.960945,0.106041
2447348191,1,32,5000,1000,600,3.3,10000,4,9,23997,8923,12280,1724,1070,0,9994.960946,0.106041
2447348191,1,32,6000,1000,600,3.3,10000,4,9,23997,8898,11945,1646,1508,0,9994.962467,0.106009
2447348191,1,32,8000,1000,600,3.3,10000,4,9,23998,7686,7976,932,7404,0,9994.960190,0.106057
2314927680,1,10,2000,1000,600,3.3,10000,4,9,24000,21875,1544,296,285,0,9998.241610,0.037003
2314927680,1,10,3000,1000,600,3.3,10000,4,9,24000,20327,1505,288,1880,0,9998.240011,0.037037
2314927680,1,10,4000,1000,600,3.3,10000,4,9,24000,17387,1340,263,5010,0,9998.238175,0.037075
2314927680,1,10,5000,1000,600,3.3,10000,4,9,24000,15022,1233,210,7535,0,9998.237363,0.037093
2314927680,1,10,6000,1000,600,3.3,10000,4,9,24000,12680,985,187,10148,0,9998.239615,0.037045
2314927680,1,10,8000,1000,600,3.3,10000,4,9,24000,8859,513,71,14557,0,9998.237911,0.037081
861648815,1,10,2000,1000,600,3.3,10000,4,9,24000,21793,1568,332,307,0,9998.168397,0.038544
861648815,1,10,3000,1000,600,3.3,10000,4,9,24000,20333,1417,317,1933,0,9998.169050,0.038530
861648815,1,10,4000,1000,600,3.3,10000,4,9,24000,17661,1327,297,4715,0,9998.170293,0.038504
861648815,1,10,5000,1000,600,3.3,10000,4,9,24000,15233,1129,257,7381,0,9998.169010,0.038531
861648815,1,10,6000,1000,600,3.3,10000,4,9,24000,12860,903,196,10041,0,9998.169961,0.038511
861648815,1,10,8000,1000,600,3.3,10000,4,9,24000,9196,510,100,14194,0,9998.165739,0.038600
716359404,1,10,2000,1000,600,3.3,10000,4,9,23999,22118,1338,258,285,0,9998.238929,0.037060
716359404,1,10,3000,1000,600,3.3,10000,4,9,23999,20550,1294,240,1915,0,9998.237601,0.037088
716359404,1,10,4000,1000,600,3.3,10000,4,9,23999,17799,1142,222,4836,0,9998.242893,0.036976
716359404,1,10,5000,1000,600,3.3,10000,4,9,24000,15277,960,186,7577,0,9998.235602,0.037130
716359404,1,10,6000,1000,600,3.3,10000,4,9,24000,12987,803,130,10080,0,9998.241952,0.036996
716359404,1,10,8000,1000,600,3.3,10000,4,9,24000,9165,433,60,14342,0,9998.241602,0.037003
518024951,1,10,2000,1000,600,3.3,10000,4,9,23999,22149,1319,229,302,0,9998.216169,0.037539
518024951,1,10,3000,1000,600,3.3,10000,4,9,23999,20521,1249,221,2008,0,9998.216452,0.037533
518024951,1,10,4000,1000,600,3.3,10000,4,9,23999,17594,1151,208,5046,0,9998.212362,0.037619
518024951,1,10,5000,1000,600,3.3,10000,4,9,23999,15257,1005,182,7555,0,9998.212550,0.037615
518024951,1,10,6000,1000,600,3.3,10000,4,9,23999,12863,834,142,10160,0,9998.217422,0.037512
518024951,1,10,8000,1000,600,3.3,10000,4,9,23999,9001,477,71,14450,0,9998.210852,0.037650
652227427,1,10,2000,1000,600,3.3,10000,4,9,23997,22053,1412,271,261,0,9998.208287,0.037704
652227427,1,10,3000,1000,600,3.3,10000,4,9,23997,20480,1372,261,1884,0,9998.202033,0.037836
652227427,1,10,4000,1000,600,3.3,10000,4,9,23997,17625,1293,236,4843,0,9998.207285,0.037725
652227427,1,10,5000,1000,600,3.3,10000,4,9,23998,15059,1109,194,7636,0,9998.207381,0.037723
652227427,1,10,6000,1000,600,3.3,10000,4,9,23999,12804,957,154,10084,0,9998.205630,0.037760
652227427,1,10,8000,1000,600,3.3,10000,4,9,23999,9037,452,77,14433,0,9998.201916,0.037838
2447348191,1,10,2000,1000,600,3.3,10000,4,9,23999,22010,1463,315,211,0,9998.158672,0.038748
2447348191,1,10,3000,1000,600,3.3,10000,4,9,23999,20326,1432,309,1932,0,9998.159116,0.038739
2447348191,1,10,4000,1000,600,3.3,10000,4,9,24000,17883,1323,277,4517,0,9998.152595,0.038876
2447348191,1,10,5000,1000,600,3.3,10000,4,9,23999,15122,1088,230,7559,0,9998.159006,0.038741
2447348191,1,10,6000,1000,600,3.3,10000,4,9,24000,12941,963,191,9905,0,9998.159691,0.038727
2447348191,1,10,8000,1000,600,3.3,10000,4,9,23999,9303,534,92,14070,0,9998.154067,0.038845
861648815,1,27,2000,1000,600,3.3,10000,4,9,9999.716665,0.005962
861648815,1,27,3000,1000,600,3.3,10000,4,9,9999.716624,0.005963
861648815,1,27,4000,1000,600,3.3,10000,4,9,9999.716413,0.005968
861648815,1,27,5000,1000,600,3.3,10000,4,9,9999.716844,0.005959
861648815,1,27,6000,1000,600,3.3,10000,4,9,9999.716670,0.005962
861648815,1,27,8000,1000,600,3.3,10000,4,9,9999.716874,0.005958
716359404,1,27,2000,1000,600,3.3,10000,4,9,9999.716920,0.005957
716359404,1,27,3000,1000,600,3.3,10000,4,9,9999.716488,0.005966
716359404,1,27,4000,1000,600,3.3,10000,4,9,9999.716706,0.005962
716359404,1,27,5000,1000,600,3.3,10000,4,9,9999.716769,0.005960
716359404,1,27,6000,1000,600,3.3,10000,4,9,9999.716983,0.005956
716359404,1,27,8000,1000,600,3.3,10000,4,9,9999.716617,0.005963
518024951,1,27,2000,1000,600,3.3,10000,4,9,9999.716641,0.005963
518024951,1,27,3000,1000,600,3.3,10000,4,9,9999.716785,0.005960
518024951,1,27,4000,1000,600,3.3,10000,4,9,9999.716940,0.005957
518024951,1,27,5000,1000,600,3.3,10000,4,9,9999.716638,0.005963
518024951,1,27,6000,1000,600,3.3,10000,4,9,9999.716813,0.005959
518024951,1,27,8000,1000,600,3.3,10000,4,9,9999.716679,0.005962
652227427,1,27,2000,1000,600,3.3,10000,4,9,9999.716863,0.005958
652227427,1,27,3000,1000,600,3.3,10000,4,9,9999.716654,0.005963
652227427,1,27,4000,1000,600,3.3,10000,4,9,9999.716836,0.005959
652227427,1,27,5000,1000,600,3.3,10000,4,9,9999.716678,0.005962
652227427,1,27,6000,1000,600,3.3,10000,4,9,9999.716739,0.005961
652227427,1,27,8000,1000,600,3.3,10000,4,9,9999.716984,0.005956
861648815,1,32,2000,1000,600,3.3,10000,4,9,9995.123919,0.102611
861648815,1,32,3000,1000,600,3.3,10000,4,9,9995.123453,0.102621
861648815,1,32,4000,1000,600,3.3,10000,4,9,9995.124174,0.102606
861648815,1,32,5000,1000,600,3.3,10000,4,9,9995.115556,0.102787
861648815,1,32,6000,1000,600,3.3,10000,4,9,9995.129802,0.102487
861648815,1,32,8000,1000,600,3.3,10000,4,9,9995.120514,0.102683
716359404,1,32,2000,1000,600,3.3,10000,4,9,9995.129050,0.102503
716359404,1,32,3000,1000,600,3.3,10000,4,9,9995.127184,0.102542
716359404,1,32,4000,1000,600,3.3,10000,4,9,9995.118911,0.102717
716359404,1,32,5000,1000,600,3.3,10000,4,9,9995.127034,0.102546
716359404,1,32,6000,1000,600,3.3,10000,4,9,9995.124692,0.102595
716359404,1,32,8000,1000,600,3.3,10000,4,9,9995.130765,0.102467
518024951,1,32,2000,1000,600,3.3,10000,4,9,9995.133318,0.102413
518024951,1,32,3000,1000,600,3.3,10000,4,9,9995.123990,0.102610
518024951,1,32,4000,1000,600,3.3,10000,4,9,9995.122388,0.102643
518024951,1,32,5000,1000,600,3.3,10000,4,9,9995.122563,0.102640
518024951,1,32,6000,1000,600,3.3,10000,4,9,9995.125211,0.102584
518024951,1,32,8000,1000,600,3.3,10000,4,9,9995.120463,0.102684
652227427,1,32,2000,1000,600,3.3,10000,4,9,9995.123524,0.102619
652227427,1,32,3000,1000,600,3.3,10000,4,9,9995.121207,0.102668
652227427,1,32,4000,1000,600,3.3,10000,4,9,9995.127884,0.102528
652227427,1,32,5000,1000,600,3.3,10000,4,9,9995.134952,0.102379
652227427,1,32,6000,1000,600,3.3,10000,4,9,9995.114359,0.102812
652227427,1,32,8000,1000,600,3.3,10000,4,9,9995.129076,0.102503
861648815,1,32,2000,1000,600,3.3,10000,16,9,
861648815,1,1,2000,1000,600,3.3,10000,16,9,9995.878846,0.021681
861648815,1,1,3000,1000,600,3.3,10000,16,9,9995.241684,0.025033
861648815,1,1,4000,1000,600,3.3,10000,16,9,9994.016633,0.031478
861648815,1,1,5000,1000,600,3.3,10000,16,9,9994.200143,0.030513
861648815,1,1,6000,1000,600,3.3,10000,16,9,9993.761499,0.032820
861648815,1,1,8000,1000,600,3.3,10000,16,9,9994.238928,0.030309
716359404,1,1,2000,1000,600,3.3,10000,16,9,9995.889714,0.021624
716359404,1,1,3000,1000,600,3.3,10000,16,9,9995.178340,0.025366
716359404,1,1,4000,1000,600,3.3,10000,16,9,9994.172929,0.030656
716359404,1,1,5000,1000,600,3.3,10000,16,9,9994.244072,0.030282
716359404,1,1,6000,1000,600,3.3,10000,16,9,9993.776738,0.032740
716359404,1,1,8000,1000,600,3.3,10000,16,9,9994.262415,0.030185
518024951,1,1,2000,1000,600,3.3,10000,16,9,9995.892654,0.021609
518024951,1,1,3000,1000,600,3.3,10000,16,9,9995.417521,0.024108
518024951,1,1,4000,1000,600,3.3,10000,16,9,9994.067989,0.031208
518024951,1,1,5000,1000,600,3.3,10000,16,9,9994.237628,0.030316
518024951,1,1,6000,1000,600,3.3,10000,16,9,9993.774680,0.032751
518024951,1,1,8000,1000,600,3.3,10000,16,9,9994.243876,0.030283
861648815,1,1,2000,1000,600,3.3,10000,20,9,9994.868033,0.021599
861648815,1,1,3000,1000,600,3.3,10000,20,9,9994.810283,0.021842
861648815,1,1,4000,1000,600,3.3,10000,20,9,9993.158890,0.028793
861648815,1,1,5000,1000,600,3.3,10000,20,9,9992.686060,0.030783
861648815,1,1,6000,1000,600,3.3,10000,20,9,9993.144029,0.028855
861648815,1,1,8000,1000,600,3.3,10000,20,9,9994.857139,0.021645
716359404,1,1,2000,1000,600,3.3,10000,20,9,9994.905076,0.021443
716359404,1,1,3000,1000,600,3.3,10000,20,9,9994.831729,0.021752
716359404,1,1,4000,1000,600,3.3,10000,20,9,9993.110502,0.028996
716359404,1,1,5000,1000,600,3.3,10000,20,9,9992.732933,0.030585
716359404,1,1,6000,1000,600,3.3,10000,20,9,9992.499567,0.031567
716359404,1,1,8000,1000,600,3.3,10000,20,9,9994.912018,0.021414
518024951,1,1,2000,1000,600,3.3,10000,20,9,9994.882686,0.021538
518024951,1,1,3000,1000,600,3.3,10000,20,9,9994.828513,0.021766
518024951,1,1,4000,1000,600,3.3,10000,20,9,9993.206342,0.028593
518024951,1,1,5000,1000,600,3.3,10000,20,9,9992.710467,0.030680
518024951,1,1,6000,1000,600,3.3,10000,20,9,9992.812435,0.030251
518024951,1,1,8000,1000,600,3.3,10000,20,9,9994.873749,0.021575
652227427,1,1,2000,1000,600,3.3,10000,20,9,9994.868171,0.021599
652227427,1,1,3000,1000,600,3.3,10000,20,9,9994.823523,0.021787
652227427,1,1,4000,1000,600,3.3,10000,20,9,9993.124538,0.028937
652227427,1,1,5000,1000,600,3.3,10000,20,9,9992.712389,0.030672
652227427,1,1,6000,1000,600,3.3,10000,20,9,9992.921418,0.029792
652227427,1,1,8000,1000,600,3.3,10000,20,9,9994.874884,0.021570
861648815,1,1,2000,1000,600,3.3,10000,16,9,9995.693817,0.022655
861648815,1,1,3000,1000,600,3.3,10000,16,9,9995.393690,0.024234
861648815,1,1,4000,1000,600,3.3,10000,16,9,9993.955218,0.031801
861648815,1,1,5000,1000,600,3.3,10000,16,9,9993.955977,0.031797
861648815,1,1,6000,1000,600,3.3,10000,16,9,9993.440106,0.034511
861648815,1,1,8000,1000,600,3.3,10000,16,9,9993.956886,0.031792
716359404,1,1,2000,1000,600,3.3,10000,16,9,9995.385756,0.024275
716359404,1,1,3000,1000,600,3.3,10000,16,9,9995.376990,0.024321
716359404,1,1,4000,1000,600,3.3,10000,16,9,9993.982837,0.031656
716359404,1,1,5000,1000,600,3.3,10000,16,9,9993.975448,0.031695
716359404,1,1,6000,1000,600,3.3,10000,16,9,9993.461857,0.034397
716359404,1,1,8000,1000,600,3.3,10000,16,9,9993.976305,0.031690
518024951,1,1,2000,1000,600,3.3,10000,16,9,9995.454020,0.023916
518024951,1,1,3000,1000,600,3.3,10000,16,9,9995.370795,0.024354
518024951,1,1,4000,1000,600,3.3,10000,16,9,9993.966817,0.031740
518024951,1,1,5000,1000,600,3.3,10000,16,9,9993.964899,0.031750
518024951,1,1,6000,1000,600,3.3,10000,16,9,9993.461757,0.034397
518024951,1,1,8000,1000,600,3.3,10000,16,9,9993.967653,0.031736
652227427,1,1,2000,1000,600,3.3,10000,16,9,9995.666244,0.022800
652227427,1,1,3000,1000,600,3.3,10000,16,9,9995.356896,0.024427
652227427,1,1,4000,1000,600,3.3,10000,16,9,9993.960772,0.031772
652227427,1,1,5000,1000,600,3.3,10000,16,9,9993.948439,0.031837
652227427,1,1,6000,1000,600,3.3,10000,16,9,9993.446925,0.034475
652227427,1,1,8000,1000,600,3.3,10000,16,9,9993.925329,0.031958
861648815,1,1,2000,1000,600,3.3,10000,20,9,9994.644089,0.022542
861648815,1,1,3000,1000,600,3.3,10000,20,9,9994.650889,0.022513
861648815,1,1,4000,1000,600,3.3,10000,20,9,9994.642357,0.022549
861648815,1,1,5000,1000,600,3.3,10000,20,9,9994.646585,0.022531
861648815,1,1,6000,1000,600,3.3,10000,20,9,9994.644692,0.022539
861648815,1,1,8000,1000,600,3.3,10000,20,9,9994.654499,0.022498
716359404,1,1,2000,1000,600,3.3,10000,20,9,9994.675620,0.022409
716359404,1,1,3000,1000,600,3.3,10000,20,9,9994.675343,0.022410
716359404,1,1,4000,1000,600,3.3,10000,20,9,9994.674404,0.022414
716359404,1,1,5000,1000,600,3.3,10000,20,9,9994.665033,0.022454
716359404,1,1,6000,1000,600,3.3,10000,20,9,9994.678327,0.022398
716359404,1,1,8000,1000,600,3.3,10000,20,9,9994.672416,0.022422
518024951,1,1,2000,1000,600,3.3,10000,20,9,9994.669818,0.022433
518024951,1,1,3000,1000,600,3.3,10000,20,9,9994.673923,0.022416
518024951,1,1,4000,1000,600,3.3,10000,20,9,9994.665463,0.022452
518024951,1,1,5000,1000,600,3.3,10000,20,9,9994.671853,0.022425
518024951,1,1,6000,1000,600,3.3,10000,20,9,9994.672845,0.022421
518024951,1,1,8000,1000,600,3.3,10000,20,9,9994.668991,0.022437
652227427,1,1,2000,1000,600,3.3,10000,20,9,9994.652457,0.022506
652227427,1,1,3000,1000,600,3.3,10000,20,9,9994.655806,0.022492
652227427,1,1,4000,1000,600,3.3,10000,20,9,9994.658212,0.022482
652227427,1,1,5000,1000,600,3.3,10000,20,9,9994.652015,0.022508
652227427,1,1,6000,1000,600,3.3,10000,20,9,9994.659610,0.022476
652227427,1,1,8000,1000,600,3.3,10000,20,9,9994.663416,0.022460
2314927680,1,4,2000,1000,600,3.3,10000,4,9,24000,23325,669,6,0,0,9999.614757,0.008107
2314927680,1,4,3000,1000,600,3.3,10000,4,9,24000,21481,1189,46,1284,0,9999.178767,0.017282
2314927680,1,4,4000,1000,600,3.3,10000,4,9,24000,19474,1923,336,2267,0,9997.960807,0.042912
2314927680,1,4,5000,1000,600,3.3,10000,4,9,23999,15932,4645,797,2625,0,9996.870387,0.065859
2314927680,1,4,6000,1000,600,3.3,10000,4,9,23998,13261,6865,1132,2740,0,9996.271146,0.078469
2314927680,1,4,8000,1000,600,3.3,10000,4,9,23997,9296,6015,772,7914,0,9995.644188,0.091663
861648815,1,4,2000,1000,600,3.3,10000,4,9,24000,23444,552,4,0,0,9999.604582,0.008321
861648815,1,4,3000,1000,600,3.3,10000,4,9,24000,21472,1256,46,1226,0,9999.141042,0.018076
861648815,1,4,4000,1000,600,3.3,10000,4,9,23999,19512,1898,410,2179,0,9997.827374,0.045720
861648815,1,4,5000,1000,600,3.3,10000,4,9,23999,15778,4790,847,2584,0,9996.815689,0.067010
861648815,1,4,6000,1000,600,3.3,10000,4,9,23999,13245,7097,1141,2516,0,9996.235809,0.079213
861648815,1,4,8000,1000,600,3.3,10000,4,9,24000,9361,6027,794,7818,0,9995.647694,0.091589
716359404,1,4,2000,1000,600,3.3,10000,4,9,24000,23263,733,4,0,0,9999.613615,0.008131
716359404,1,4,3000,1000,600,3.3,10000,4,9,24000,21751,892,39,1318,0,9999.161187,0.017652
716359404,1,4,4000,1000,600,3.3,10000,4,9,24000,19820,1628,366,2186,0,9997.952620,0.043085
716359404,1,4,5000,1000,600,3.3,10000,4,9,24000,16041,4549,817,2593,0,9996.869667,0.065874
716359404,1,4,6000,1000,600,3.3,10000,4,9,24000,13332,6854,1084,2730,0,9996.284847,0.078181
716359404,1,4,8000,1000,600,3.3,10000,4,9,24000,9394,6162,768,7676,0,9995.667684,0.091168
518024951,1,4,2000,1000,600,3.3,10000,4,9,23999,23325,664,10,0,0,9999.613422,0.008135
518024951,1,4,3000,1000,600,3.3,10000,4,9,23999,21455,1182,57,1305,0,9999.156141,0.017758
518024951,1,4,4000,1000,600,3.3,10000,4,9,23999,19513,1921,404,2161,0,9997.920003,0.043771
518024951,1,4,5000,1000,600,3.3,10000,4,9,23999,15897,4744,897,2461,0,9996.822332,0.066870
518024951,1,4,6000,1000,600,3.3,10000,4,9,23999,12619,7418,1338,2624,0,9996.206536,0.079829
518024951,1,4,8000,1000,600,3.3,10000,4,9,23999,8979,6396,912,7712,0,9995.659519,0.091340
652227427,1,4,2000,1000,600,3.3,10000,4,9,24000,23244,742,14,0,0,9999.608494,0.008239
652227427,1,4,3000,1000,600,3.3,10000,4,9,24000,21543,1039,46,1372,0,9999.149072,0.017907
652227427,1,4,4000,1000,600,3.3,10000,4,9,23999,19500,1899,349,2251,0,9997.889592,0.044411
652227427,1,4,5000,1000,600,3.3,10000,4,9,23998,15764,4743,806,2685,0,9996.813860,0.067048
652227427,1,4,6000,1000,600,3.3,10000,4,9,23998,13035,7040,1063,2860,0,9996.252026,0.078872
652227427,1,4,8000,1000,600,3.3,10000,4,9,23998,9271,6175,725,7827,0,9995.682936,0.090847
2447348191,1,4,2000,1000,600,3.3,10000,4,9,24000,23443,550,7,0,0,9999.609316,0.008221
2447348191,1,4,3000,1000,600,3.3,10000,4,9,24000,21686,1068,56,1190,0,9999.142347,0.018048
2447348191,1,4,4000,1000,600,3.3,10000,4,9,24000,19838,1870,359,1933,0,9997.863311,0.044964
2447348191,1,4,5000,1000,600,3.3,10000,4,9,23999,15601,5197,816,2385,0,9996.720512,0.069013
2447348191,1,4,6000,1000,600,3.3,10000,4,9,23999,13173,7393,1067,2366,0,9996.172862,0.080537
2447348191,1,4,8000,1000,600,3.3,10000,4,9,23998,9093,6361,737,7807,0,9995.592192,0.092757
2314927680,1,10,2000,1000,600,3.3,10000,4,9,24000,22100,1604,296,0,0,9998.217467,0.037511
2314927680,1,10,3000,1000,600,3.3,10000,4,9,24000,21185,1549,292,974,0,9998.215355,0.037556
2314927680,1,10,4000,1000,600,3.3,10000,4,9,24000,18349,1432,278,3941,0,9998.217418,0.037512
2314927680,1,10,5000,1000,600,3.3,10000,4,9,24000,15860,1393,240,6507,0,9998.217418,0.037512
2314927680,1,10,6000,1000,600,3.3,10000,4,9,24000,13364,1103,205,9328,0,9998.214268,0.037579
2314927680,1,10,8000,1000,600,3.3,10000,4,9,24000,9095,621,81,14203,0,9998.217738,0.037506
861648815,1,10,2000,1000,600,3.3,10000,4,9,24000,22138,1530,332,0,0,9998.149066,0.038951
861648815,1,10,3000,1000,600,3.3,10000,4,9,24000,20988,1489,325,1198,0,9998.147845,0.038976
861648815,1,10,4000,1000,600,3.3,10000,4,9,24000,18514,1361,308,3817,0,9998.147509,0.038983
861648815,1,10,5000,1000,600,3.3,10000,4,9,24000,16071,1275,274,6380,0,9998.146618,0.039002
861648815,1,10,6000,1000,600,3.3,10000,4,9,24000,13717,1037,223,9023,0,9998.141387,0.039112
861648815,1,10,8000,1000,600,3.3,10000,4,9,24000,9376,575,102,13947,0,9998.149186,0.038948
716359404,1,10,2000,1000,600,3.3,10000,4,9,23999,22413,1328,258,0,0,9998.218108,0.037498
716359404,1,10,3000,1000,600,3.3,10000,4,9,23999,21403,1327,253,1016,0,9998.221878,0.037418
716359404,1,10,4000,1000,600,3.3,10000,4,9,23999,18761,1182,237,3819,0,9998.216967,0.037522
716359404,1,10,5000,1000,600,3.3,10000,4,9,23999,16162,1081,204,6552,0,9998.219678,0.037465
716359404,1,10,6000,1000,600,3.3,10000,4,9,23999,13761,914,152,9172,0,9998.218072,0.037498
716359404,1,10,8000,1000,600,3.3,10000,4,9,24000,9317,502,64,14117,0,9998.219026,0.037478
518024951,1,10,2000,1000,600,3.3,10000,4,9,23999,22411,1356,232,0,0,9998.190558,0.038077
518024951,1,10,3000,1000,600,3.3,10000,4,9,23999,21338,1308,231,1122,0,9998.194343,0.037998
518024951,1,10,4000,1000,600,3.3,10000,4,9,23999,18563,1208,222,4006,0,9998.194606,0.037992
518024951,1,10,6000,1000,600,3.3,10000,4,9,23999,13494,944,159,9402,0,9998.195623,0.037971
518024951,1,10,8000,1000,600,3.3,10000,4,9,23999,9275,548,85,14091,0,9998.194808,0.037988
652227427,1,10,2000,1000,600,3.3,10000,4,9,23997,22282,1444,271,0,0,9998.187612,0.038139
652227427,1,10,3000,1000,600,3.3,10000,4,9,23997,21145,1406,266,1180,0,9998.188716,0.038116
652227427,1,10,4000,1000,600,3.3,10000,4,9,23998,18533,1310,252,3903,0,9998.186677,0.038159
652227427,1,10,5000,1000,600,3.3,10000,4,9,23998,16013,1204,227,6554,0,9998.187653,0.038139
652227427,1,10,8000,1000,600,3.3,10000,4,9,23998,9305,533,92,14068,0,9998.185631,0.038181
2447348191,1,10,2000,1000,600,3.3,10000,4,9,23999,22195,1488,316,0,0,9998.139173,0.039159
2447348191,1,10,3000,1000,600,3.3,10000,4,9,23999,21289,1442,309,959,0,9998.136085,0.039224
2447348191,1,10,4000,1000,600,3.3,10000,4,9,23999,18686,1378,294,3641,0,9998.134112,0.039265
2447348191,1,10,5000,1000,600,3.3,10000,4,9,23999,16070,1256,270,6403,0,9998.133066,0.039287
2447348191,1,10,6000,1000,600,3.3,10000,4,9,23999,13610,1095,209,9085,0,9998.137969,0.039184
2447348191,1,10,8000,1000,600,3.3,10000,4,9,24000,9217,619,112,14052,0,9998.137770,0.039188