RunSeed,Seed,Algoritmo,Radius,nDevices,appPeriodsSeconds,batteryVoltage,batteryEnergyInit,hours,TxPowerdBm,PHYTotal,PHYSuccessful,PHYInterfered,PHYNoMoreReceivers,PHYUnderSensitivity,PHYLostBecauseTX,batteryEnergyFinalcurrenthora
2314927680,1,1,2000,1000,600,3.3,10000,4,9,24000,23154,798,48,0,0,9999.258652,0.015601
2314927680,1,1,3000,1000,600,3.3,10000,4,9,24000,23154,798,48,0,0,9999.258591,0.015602
2314927680,1,1,4000,1000,600,3.3,10000,4,9,24000,23154,798,48,0,0,9999.258585,0.015602
2314927680,1,1,5000,1000,600,3.3,10000,4,9,24000,21251,700,48,2001,0,9999.258752,0.015599
2314927680,1,1,6000,1000,600,3.3,10000,4,9,24000,18414,545,45,4996,0,9999.258742,0.015599
2314927680,1,1,8000,1000,600,3.3,10000,4,9,24000,14403,430,41,9126,0,9999.258752,0.015599
861648815,1,1,2000,1000,600,3.3,10000,4,9,24000,23242,695,63,0,0,9999.258518,0.015604
861648815,1,1,3000,1000,600,3.3,10000,4,9,24000,23242,695,63,0,0,9999.258619,0.015601
861648815,1,1,4000,1000,600,3.3,10000,4,9,24000,23242,695,63,0,0,9999.257604,0.015623
861648815,1,1,5000,1000,600,3.3,10000,4,9,24000,21381,602,59,1958,0,9999.258006,0.015614
861648815,1,1,6000,1000,600,3.3,10000,4,9,24000,18379,523,55,5043,0,9999.258569,0.015603
861648815,1,1,8000,1000,600,3.3,10000,4,9,24000,14671,409,51,8869,0,9999.258569,0.015603
716359404,1,1,2000,1000,600,3.3,10000,4,9,24000,23284,685,31,0,0,9999.258387,0.015606
716359404,1,1,3000,1000,600,3.3,10000,4,9,24000,23284,685,31,0,0,9999.258450,0.015605
716359404,1,1,4000,1000,600,3.3,10000,4,9,24000,23284,685,31,0,0,9999.258197,0.015610
716359404,1,1,5000,1000,600,3.3,10000,4,9,24000,21439,571,30,1960,0,9999.258474,0.015605
716359404,1,1,6000,1000,600,3.3,10000,4,9,24000,18326,438,29,5207,0,9999.258474,0.015605
716359404,1,1,8000,1000,600,3.3,10000,4,9,24000,14556,342,28,9074,0,9999.258474,0.015605
518024951,1,1,2000,1000,600,3.3,10000,4,9,23999,23244,695,60,0,0,9999.258454,0.015605
518024951,1,1,3000,1000,600,3.3,10000,4,9,23999,23244,695,60,0,0,9999.258428,0.015605
518024951,1,1,4000,1000,600,3.3,10000,4,9,23999,23244,695,60,0,0,9999.258631,0.015601
518024951,1,1,5000,1000,600,3.3,10000,4,9,23999,21438,612,60,1889,0,9999.258644,0.015601
518024951,1,1,6000,1000,600,3.3,10000,4,9,23999,18201,478,56,5264,0,9999.258646,0.015601
518024951,1,1,8000,1000,600,3.3,10000,4,9,23999,14430,385,46,9138,0,9999.258646,0.015601
652227427,1,1,2000,1000,600,3.3,10000,4,9,24000,23289,648,63,0,0,9999.258665,0.015600
652227427,1,1,3000,1000,600,3.3,10000,4,9,24000,23289,648,63,0,0,9999.258627,0.015601
652227427,1,1,4000,1000,600,3.3,10000,4,9,24000,23289,648,63,0,0,9999.258615,0.015602
652227427,1,1,5000,1000,600,3.3,10000,4,9,24000,21295,559,61,2085,0,9999.258673,0.015600
652227427,1,1,6000,1000,600,3.3,10000,4,9,24000,18141,400,54,5405,0,9999.258789,0.015598
652227427,1,1,8000,1000,600,3.3,10000,4,9,24000,14624,288,47,9041,0,9999.258577,0.015602
2447348191,1,1,2000,1000,600,3.3,10000,4,9,24000,23169,771,60,0,0,9999.258624,0.015601
2447348191,1,1,3000,1000,600,3.3,10000,4,9,24000,23169,771,60,0,0,9999.258743,0.015599
2447348191,1,1,4000,1000,600,3.3,10000,4,9,24000,23169,771,60,0,0,9999.258775,0.015598
2447348191,1,1,5000,1000,600,3.3,10000,4,9,24000,21352,693,59,1896,0,9999.258782,0.015598
2447348191,1,1,6000,1000,600,3.3,10000,4,9,24000,18316,585,55,5044,0,9999.258782,0.015598
2447348191,1,1,8000,1000,600,3.3,10000,4,9,24000,14546,473,48,8933,0,9999.258782,0.015598
2314927680,1,3,2000,1000,600,3.3,10000,4,9,24000,23289,670,41,0,0,9999.294181,0.014853
2314927680,1,3,3000,1000,600,3.3,10000,4,9,24000,23289,670,41,0,0,9999.294235,0.014852
2314927680,1,3,4000,1000,600,3.3,10000,4,9,24000,23289,670,41,0,0,9999.294354,0.014849
2314927680,1,3,5000,1000,600,3.3,10000,4,9,24000,21576,593,40,1791,0,9999.294354,0.014849
2314927680,1,3,6000,1000,600,3.3,10000,4,9,24000,18713,456,37,4794,0,9999.294344,0.014850
2314927680,1,3,8000,1000,600,3.3,10000,4,9,24000,14153,341,33,9473,0,9999.294354,0.014849
861648815,1,3,2000,1000,600,3.3,10000,4,9,24000,23314,633,53,0,0,9999.294154,0.014854
861648815,1,3,3000,1000,600,3.3,10000,4,9,24000,23314,633,53,0,0,9999.294221,0.014852
861648815,1,3,4000,1000,600,3.3,10000,4,9,24000,23314,633,53,0,0,9999.293439,0.014869
861648815,1,3,5000,1000,600,3.3,10000,4,9,24000,21608,549,51,1792,0,9999.293593,0.014865
861648815,1,3,6000,1000,600,3.3,10000,4,9,24000,18675,480,47,4798,0,9999.294171,0.014853
861648815,1,3,8000,1000,600,3.3,10000,4,9,24000,14379,359,42,9220,0,9999.294171,0.014853
716359404,1,3,2000,1000,600,3.3,10000,4,9,24000,23304,667,29,0,0,9999.294050,0.014856
716359404,1,3,3000,1000,600,3.3,10000,4,9,24000,23304,667,29,0,0,9999.294092,0.014855
716359404,1,3,4000,1000,600,3.3,10000,4,9,24000,23304,667,29,0,0,9999.294114,0.014855
716359404,1,3,5000,1000,600,3.3,10000,4,9,24000,21619,584,29,1768,0,9999.294109,0.014855
716359404,1,3,6000,1000,600,3.3,10000,4,9,24000,18519,455,28,4998,0,9999.294114,0.014855
716359404,1,3,8000,1000,600,3.3,10000,4,9,24000,14247,334,23,9396,0,9999.294114,0.014855
518024951,1,3,2000,1000,600,3.3,10000,4,9,23999,23307,634,58,0,0,9999.294101,0.014855
518024951,1,3,3000,1000,600,3.3,10000,4,9,23999,23307,634,58,0,0,9999.294075,0.014855
518024951,1,3,4000,1000,600,3.3,10000,4,9,23999,23307,634,58,0,0,9999.294278,0.014851
518024951,1,3,5000,1000,600,3.3,10000,4,9,23999,21629,561,58,1751,0,9999.294291,0.014851
518024951,1,3,6000,1000,600,3.3,10000,4,9,23999,18442,434,54,5069,0,9999.294293,0.014851
518024951,1,3,8000,1000,600,3.3,10000,4,9,23999,14220,333,44,9402,0,9999.294293,0.014851
652227427,1,3,2000,1000,600,3.3,10000,4,9,24000,23301,644,55,0,0,9999.294305,0.014850
652227427,1,3,3000,1000,600,3.3,10000,4,9,24000,23301,644,55,0,0,9999.294395,0.014849
652227427,1,3,4000,1000,600,3.3,10000,4,9,24000,23301,644,55,0,0,9999.294250,0.014852
652227427,1,3,5000,1000,600,3.3,10000,4,9,24000,21417,564,53,1966,0,9999.294277,0.014851
652227427,1,3,6000,1000,600,3.3,10000,4,9,24000,18369,400,46,5185,0,9999.294414,0.014848
652227427,1,3,8000,1000,600,3.3,10000,4,9,24000,14301,297,37,9365,0,9999.294201,0.014853
2447348191,1,3,2000,1000,600,3.3,10000,4,9,24000,23248,700,52,0,0,9999.294194,0.014853
2447348191,1,3,3000,1000,600,3.3,10000,4,9,24000,23248,700,52,0,0,9999.294357,0.014849
2447348191,1,3,4000,1000,600,3.3,10000,4,9,24000,23248,700,52,0,0,9999.294389,0.014849
2447348191,1,3,5000,1000,600,3.3,10000,4,9,24000,21554,637,51,1758,0,9999.294397,0.014849
2447348191,1,3,6000,1000,600,3.3,10000,4,9,24000,18570,539,47,4844,0,9999.294397,0.014849
2447348191,1,3,8000,1000,600,3.3,10000,4,9,24000,14309,416,40,9235,0,9999.294397,0.014849
2314927680,1,6,2000,1000,600,3.3,10000,4,9,24000,21080,2526,394,0,0,9998.010841,0.041859
2314927680,1,6,3000,1000,600,3.3,10000,4,9,24000,21080,2526,394,0,0,9998.010489,0.041867
2314927680,1,6,4000,1000,600,3.3,10000,4,9,24000,21080,2526,394,0,0,9998.009686,0.041884
2314927680,1,6,5000,1000,600,3.3,10000,4,9,24000,20954,2526,394,126,0,9998.007802,0.041923
2314927680,1,6,6000,1000,600,3.3,10000,4,9,24000,20504,2521,392,583,0,9998.007752,0.041924
2314927680,1,6,8000,1000,600,3.3,10000,4,9,24000,18819,2435,379,2367,0,9998.008288,0.041913
861648815,1,6,2000,1000,600,3.3,10000,4,9,23999,21492,2080,427,0,0,9998.010840,0.041859
861648815,1,6,3000,1000,600,3.3,10000,4,9,23999,21492,2080,427,0,0,9998.010701,0.041862
861648815,1,6,4000,1000,600,3.3,10000,4,9,23999,21492,2080,427,0,0,9998.010839,0.041859
861648815,1,6,5000,1000,600,3.3,10000,4,9,23999,21332,2080,426,161,0,9998.010581,0.041865
861648815,1,6,6000,1000,600,3.3,10000,4,9,23999,21003,2077,426,493,0,9998.010885,0.041858
861648815,1,6,8000,1000,600,3.3,10000,4,9,23999,19256,2038,419,2286,0,9998.010520,0.041866
716359404,1,6,2000,1000,600,3.3,10000,4,9,24000,21379,2186,435,0,0,9998.010403,0.041869
716359404,1,6,3000,1000,600,3.3,10000,4,9,24000,21379,2186,435,0,0,9998.010082,0.041875
716359404,1,6,4000,1000,600,3.3,10000,4,9,24000,21379,2186,435,0,0,9998.010427,0.041868
716359404,1,6,5000,1000,600,3.3,10000,4,9,24000,21234,2183,435,148,0,9998.010392,0.041869
716359404,1,6,6000,1000,600,3.3,10000,4,9,24000,20829,2180,434,557,0,9998.010437,0.041868
716359404,1,6,8000,1000,600,3.3,10000,4,9,24000,19184,2128,416,2272,0,9998.009951,0.041878
518024951,1,6,2000,1000,600,3.3,10000,4,9,23999,21285,2268,446,0,0,9998.010795,0.041860
518024951,1,6,3000,1000,600,3.3,10000,4,9,23999,21285,2268,446,0,0,9998.010618,0.041864
518024951,1,6,4000,1000,600,3.3,10000,4,9,23999,21285,2268,446,0,0,9998.009644,0.041885
518024951,1,6,5000,1000,600,3.3,10000,4,9,23999,21160,2263,446,130,0,9998.010065,0.041876
518024951,1,6,6000,1000,600,3.3,10000,4,9,23999,20687,2251,446,615,0,9998.010004,0.041877
518024951,1,6,8000,1000,600,3.3,10000,4,9,23999,19082,2202,428,2287,0,9998.010126,0.041874
652227427,1,6,2000,1000,600,3.3,10000,4,9,23999,21322,2290,387,0,0,9998.010865,0.041859
652227427,1,6,3000,1000,600,3.3,10000,4,9,23999,21322,2290,387,0,0,9998.010689,0.041863
652227427,1,6,4000,1000,600,3.3,10000,4,9,23999,21322,2290,387,0,0,9998.009961,0.041878
652227427,1,6,5000,1000,600,3.3,10000,4,9,23999,21118,2290,387,204,0,9998.010326,0.041870
652227427,1,6,6000,1000,600,3.3,10000,4,9,23999,20699,2283,385,632,0,9998.009718,0.041883
652227427,1,6,8000,1000,600,3.3,10000,4,9,23999,18978,2252,370,2399,0,9998.009931,0.041879
2447348191,1,6,2000,1000,600,3.3,10000,4,9,24000,21409,2194,397,0,0,9998.010803,0.041860
2447348191,1,6,3000,1000,600,3.3,10000,4,9,24000,21409,2194,397,0,0,9998.010720,0.041862
2447348191,1,6,4000,1000,600,3.3,10000,4,9,24000,21409,2194,397,0,0,9998.010279,0.041871
2447348191,1,6,5000,1000,600,3.3,10000,4,9,24000,21256,2194,396,154,0,9998.009692,0.041884
2447348191,1,6,6000,1000,600,3.3,10000,4,9,24000,20852,2185,394,569,0,9998.010185,0.041873
2447348191,1,6,8000,1000,600,3.3,10000,4,9,24000,19301,2140,382,2177,0,9998.010306,0.041871
2314927680,1,5,2000,1000,600,3.3,10000,4,9,24000,21838,1884,278,0,0,9998.367619,0.034351
2314927680,1,5,3000,1000,600,3.3,10000,4,9,24000,21838,1884,278,0,0,9998.367304,0.034358
2314927680,1,5,4000,1000,600,3.3,10000,4,9,24000,21835,1887,278,0,0,9998.366865,0.034367
2314927680,1,5,5000,1000,600,3.3,10000,4,9,24000,21342,1874,277,507,0,9998.366378,0.034378
2314927680,1,5,6000,1000,600,3.3,10000,4,9,24000,20372,1833,270,1525,0,9998.366683,0.034371
2314927680,1,5,8000,1000,600,3.3,10000,4,9,24000,17828,1744,261,4167,0,9998.366683,0.034371
861648815,1,5,2000,1000,600,3.3,10000,4,9,23999,22222,1490,287,0,0,9998.367555,0.034353
861648815,1,5,3000,1000,600,3.3,10000,4,9,23999,22222,1490,287,0,0,9998.367627,0.034351
861648815,1,5,4000,1000,600,3.3,10000,4,9,23999,22222,1490,287,0,0,9998.367511,0.034354
861648815,1,5,5000,1000,600,3.3,10000,4,9,23999,21750,1477,285,487,0,9998.367313,0.034358
861648815,1,5,6000,1000,600,3.3,10000,4,9,23999,20724,1466,284,1525,0,9998.367644,0.034351
861648815,1,5,8000,1000,600,3.3,10000,4,9,23999,18294,1414,272,4019,0,9998.367607,0.034352
716359404,1,5,2000,1000,600,3.3,10000,4,9,24000,22556,1174,270,0,0,9998.367499,0.034354
716359404,1,5,3000,1000,600,3.3,10000,4,9,24000,22556,1174,270,0,0,9998.367117,0.034362
716359404,1,5,4000,1000,600,3.3,10000,4,9,24000,22556,1174,270,0,0,9998.367244,0.034359
716359404,1,5,5000,1000,600,3.3,10000,4,9,24000,22086,1162,269,483,0,9998.366704,0.034371
716359404,1,5,6000,1000,600,3.3,10000,4,9,24000,20917,1147,266,1670,0,9998.366704,0.034371
716359404,1,5,8000,1000,600,3.3,10000,4,9,24000,18501,1094,250,4155,0,9998.366771,0.034369
518024951,1,5,2000,1000,600,3.3,10000,4,9,23999,22127,1573,299,0,0,9998.367705,0.034350
518024951,1,5,3000,1000,600,3.3,10000,4,9,23999,22127,1573,299,0,0,9998.367124,0.034362
518024951,1,5,4000,1000,600,3.3,10000,4,9,23999,22127,1573,299,0,0,9998.366530,0.034374
518024951,1,5,5000,1000,600,3.3,10000,4,9,23999,21659,1553,298,489,0,9998.366626,0.034372
518024951,1,5,6000,1000,600,3.3,10000,4,9,23999,20517,1516,297,1669,0,9998.366914,0.034366
518024951,1,5,8000,1000,600,3.3,10000,4,9,23999,18154,1467,284,4094,0,9998.366541,0.034374
652227427,1,5,2000,1000,600,3.3,10000,4,9,23999,22255,1476,268,0,0,9998.367744,0.034349
652227427,1,5,3000,1000,600,3.3,10000,4,9,23999,22255,1476,268,0,0,9998.367461,0.034355
652227427,1,5,4000,1000,600,3.3,10000,4,9,23999,22255,1476,268,0,0,9998.367236,0.034360
652227427,1,5,5000,1000,600,3.3,10000,4,9,23999,21702,1466,265,566,0,9998.367276,0.034359
652227427,1,5,6000,1000,600,3.3,10000,4,9,23999,20597,1457,263,1682,0,9998.367276,0.034359
652227427,1,5,8000,1000,600,3.3,10000,4,9,23999,18028,1413,245,4313,0,9998.367331,0.034358
2447348191,1,5,2000,1000,600,3.3,10000,4,9,24000,22121,1617,262,0,0,9998.367626,0.034351
2447348191,1,5,3000,1000,600,3.3,10000,4,9,24000,22121,1617,262,0,0,9998.367665,0.034350
2447348191,1,5,4000,1000,600,3.3,10000,4,9,24000,22121,1617,262,0,0,9998.367548,0.034353
2447348191,1,5,5000,1000,600,3.3,10000,4,9,24000,21581,1612,261,546,0,9998.367665,0.034350
2447348191,1,5,6000,1000,600,3.3,10000,4,9,24000,20577,1594,256,1573,0,9998.366754,0.034370
2447348191,1,5,8000,1000,600,3.3,10000,4,9,24000,18229,1535,246,3990,0,9998.366997,0.034365
2314927680,1,2,2000,1000,600,3.3,10000,4,9,24000,23237,747,16,0,0,9999.482194,0.010897
2314927680,1,2,3000,1000,600,3.3,10000,4,9,24000,23237,747,16,0,0,9999.482250,0.010895
2314927680,1,2,4000,1000,600,3.3,10000,4,9,24000,23237,747,16,0,0,9999.482369,0.010893
2314927680,1,2,5000,1000,600,3.3,10000,4,9,24000,21193,639,16,2152,0,9999.482369,0.010893
2314927680,1,2,6000,1000,600,3.3,10000,4,9,24000,18071,434,13,5482,0,9999.482374,0.010893
2314927680,1,2,8000,1000,600,3.3,10000,4,9,24000,13722,281,9,9988,0,9999.482374,0.010893
861648815,1,2,2000,1000,600,3.3,10000,4,9,24000,23384,593,23,0,0,9999.482227,0.010896
861648815,1,2,3000,1000,600,3.3,10000,4,9,24000,23384,593,23,0,0,9999.482211,0.010896
861648815,1,2,4000,1000,600,3.3,10000,4,9,24000,23384,593,23,0,0,9999.482330,0.010894
861648815,1,2,5000,1000,600,3.3,10000,4,9,24000,21345,492,22,2141,0,9999.482334,0.010894
861648815,1,2,6000,1000,600,3.3,10000,4,9,24000,18205,397,18,5380,0,9999.482364,0.010893
861648815,1,2,8000,1000,600,3.3,10000,4,9,24000,13908,278,14,9800,0,9999.482364,0.010893
716359404,1,2,2000,1000,600,3.3,10000,4,9,24000,23310,676,14,0,0,9999.482107,0.010898
716359404,1,2,3000,1000,600,3.3,10000,4,9,24000,23310,676,14,0,0,9999.482170,0.010897
716359404,1,2,4000,1000,600,3.3,10000,4,9,24000,23310,676,14,0,0,9999.482191,0.010897
716359404,1,2,5000,1000,600,3.3,10000,4,9,24000,21318,550,14,2118,0,9999.482194,0.010897
716359404,1,2,6000,1000,600,3.3,10000,4,9,24000,17936,400,14,5650,0,9999.482194,0.010897
716359404,1,2,8000,1000,600,3.3,10000,4,9,24000,13922,273,10,9795,0,9999.482133,0.010898
518024951,1,2,2000,1000,600,3.3,10000,4,9,23999,23325,651,23,0,0,9999.482111,0.010898
518024951,1,2,3000,1000,600,3.3,10000,4,9,23999,23325,651,23,0,0,9999.482219,0.010896
518024951,1,2,4000,1000,600,3.3,10000,4,9,23999,23325,651,23,0,0,9999.482288,0.010895
518024951,1,2,5000,1000,600,3.3,10000,4,9,23999,21367,555,23,2054,0,9999.482301,0.010894
518024951,1,2,6000,1000,600,3.3,10000,4,9,23999,17898,398,21,5682,0,9999.482304,0.010894
518024951,1,2,8000,1000,600,3.3,10000,4,9,23999,13764,277,15,9943,0,9999.482304,0.010894
652227427,1,2,2000,1000,600,3.3,10000,4,9,24000,23352,619,29,0,0,9999.482287,0.010895
652227427,1,2,3000,1000,600,3.3,10000,4,9,24000,23352,619,29,0,0,9999.482301,0.010894
652227427,1,2,4000,1000,600,3.3,10000,4,9,24000,23352,619,29,0,0,9999.482324,0.010894
652227427,1,2,5000,1000,600,3.3,10000,4,9,24000,21174,531,28,2267,0,9999.482412,0.010892
652227427,1,2,6000,1000,600,3.3,10000,4,9,24000,17894,344,24,5738,0,9999.482412,0.010892
652227427,1,2,8000,1000,600,3.3,10000,4,9,24000,13923,226,17,9834,0,9999.482412,0.010892
2447348191,1,2,2000,1000,600,3.3,10000,4,9,24000,23271,701,28,0,0,9999.482234,0.010896
2447348191,1,2,3000,1000,600,3.3,10000,4,9,24000,23271,701,28,0,0,9999.482307,0.010894
2447348191,1,2,4000,1000,600,3.3,10000,4,9,24000,23271,701,28,0,0,9999.482402,0.010892
2447348191,1,2,5000,1000,600,3.3,10000,4,9,24000,21301,623,26,2050,0,9999.482410,0.010892
2447348191,1,2,6000,1000,600,3.3,10000,4,9,24000,17956,508,20,5516,0,9999.482410,0.010892
2447348191,1,2,8000,1000,600,3.3,10000,4,9,24000,13878,361,18,9743,0,9999.482410,0.010892
2314927680,1,4,2000,1000,600,3.3,10000,4,9,24000,23301,693,6,0,0,9999.643508,0.007502
2314927680,1,4,3000,1000,600,3.3,10000,4,9,24000,22598,1354,48,0,0,9999.247897,0.015827
2314927680,1,4,4000,1000,600,3.3,10000,4,9,24000,21466,2185,349,0,0,9998.142227,0.039095
2314927680,1,4,5000,1000,600,3.3,10000,4,9,23999,17826,5096,824,253,0,9997.154647,0.059877
2314927680,1,4,6000,1000,600,3.3,10000,4,9,23998,14869,7426,1180,523,0,9996.606010,0.071422
2314927680,1,4,8000,1000,600,3.3,10000,4,9,23998,11349,10350,1532,767,0,9996.042131,0.083288
861648815,1,4,2000,1000,600,3.3,10000,4,9,
716359404,1,4,2000,1000,600,3.3,10000,4,9,24000,23246,750,4,0,0,9999.642485,0.007523
716359404,1,4,3000,1000,600,3.3,10000,4,9,24000,22978,982,40,0,0,9999.231549,0.016171
716359404,1,4,4000,1000,600,3.3,10000,4,9,24000,21829,1795,376,0,0,9998.135254,0.039241
716359404,1,4,5000,1000,600,3.3,10000,4,9,24000,17964,4914,847,275,0,9997.151362,0.059946
716359404,1,4,6000,1000,600,3.3,10000,4,9,24000,14767,7452,1124,657,0,9996.619078,0.071147
716359404,1,4,8000,1000,600,3.3,10000,4,9,24000,11292,10361,1471,876,0,9996.059210,0.082929
518024951,1,4,2000,1000,600,3.3,10000,4,9,23999,23306,683,10,0,0,9999.642480,0.007524
518024951,1,4,3000,1000,600,3.3,10000,4,9,23999,22650,1291,58,0,0,9999.227277,0.016261
518024951,1,4,4000,1000,600,3.3,10000,4,9,23999,21440,2140,419,0,0,9998.105543,0.039867
518024951,1,4,5000,1000,600,3.3,10000,4,9,23999,17601,5172,943,283,0,9997.106498,0.060890
518024951,1,4,6000,1000,600,3.3,10000,4,9,23999,14082,7924,1398,595,0,9996.548120,0.072641
518024951,1,4,8000,1000,600,3.3,10000,4,9,23999,11168,10320,1765,746,0,9996.047065,0.083185
652227427,1,4,2000,1000,600,3.3,10000,4,9,24000,23194,792,14,0,0,9999.637756,0.007623
652227427,1,4,3000,1000,600,3.3,10000,4,9,24000,22837,1117,46,0,0,9999.220800,0.016397
652227427,1,4,4000,1000,600,3.3,10000,4,9,23999,21530,2103,366,0,0,9998.079038,0.040424
652227427,1,4,5000,1000,600,3.3,10000,4,9,23998,17622,5173,851,352,0,9997.100993,0.061006
652227427,1,4,6000,1000,600,3.3,10000,4,9,23998,14585,7626,1125,662,0,9996.589871,0.071762
652227427,1,4,8000,1000,600,3.3,10000,4,9,23998,11415,10329,1461,793,0,9996.074892,0.082599
2447348191,1,4,2000,1000,600,3.3,10000,4,9,24000,23450,543,7,0,0,9999.638355,0.007610
2447348191,1,4,3000,1000,600,3.3,10000,4,9,24000,22765,1179,56,0,0,9999.214190,0.016536
2447348191,1,4,4000,1000,600,3.3,10000,4,9,24000,21569,2062,369,0,0,9998.054151,0.040948
2447348191,1,4,5000,1000,600,3.3,10000,4,9,23999,17233,5628,846,292,0,9997.014564,0.062825
2447348191,1,4,6000,1000,600,3.3,10000,4,9,23999,14427,7966,1114,492,0,9996.516201,0.073312
2447348191,1,4,8000,1000,600,3.3,10000,4,9,23998,11204,10740,1382,672,0,9995.990348,0.084378
2314927680,1,7,2000,1000,600,3.3,10000,4,9,23999,18920,4345,734,0,0,9997.292578,0.056974
2314927680,1,7,3000,1000,600,3.3,10000,4,9,23999,18919,4346,734,0,0,9997.292578,0.056974
2314927680,1,7,4000,1000,600,3.3,10000,4,9,23999,18919,4346,734,0,0,9997.290007,0.057028
2314927680,1,7,5000,1000,600,3.3,10000,4,9,23999,18796,4346,734,123,0,9997.289539,0.057038
2314927680,1,7,6000,1000,600,3.3,10000,4,9,23999,18352,4342,731,574,0,9997.287625,0.057079
2314927680,1,7,8000,1000,600,3.3,10000,4,9,23999,17031,4306,723,1939,0,9997.288323,0.057064
861648815,1,7,2000,1000,600,3.3,10000,4,9,23999,18975,4263,761,0,0,9997.292884,0.056968
861648815,1,7,3000,1000,600,3.3,10000,4,9,23999,18975,4263,761,0,0,9997.292845,0.056969
861648815,1,7,4000,1000,600,3.3,10000,4,9,23999,18975,4263,761,0,0,9997.292594,0.056974
861648815,1,7,5000,1000,600,3.3,10000,4,9,23999,18816,4263,760,160,0,9997.291622,0.056994
861648815,1,7,6000,1000,600,3.3,10000,4,9,23999,18494,4259,759,487,0,9997.291044,0.057007
861648815,1,7,8000,1000,600,3.3,10000,4,9,23999,17144,4245,749,1861,0,9997.291166,0.057004
716359404,1,7,2000,1000,600,3.3,10000,4,9,24000,19052,4171,777,0,0,9997.292510,0.056976
716359404,1,7,3000,1000,600,3.3,10000,4,9,24000,19050,4173,777,0,0,9997.292395,0.056978
716359404,1,7,4000,1000,600,3.3,10000,4,9,24000,19050,4173,777,0,0,9997.292033,0.056986
716359404,1,7,5000,1000,600,3.3,10000,4,9,24000,18917,4172,776,135,0,9997.291374,0.057000
716359404,1,7,6000,1000,600,3.3,10000,4,9,24000,18520,4168,775,537,0,9997.290015,0.057028
716359404,1,7,8000,1000,600,3.3,10000,4,9,24000,17243,4145,759,1853,0,9997.289733,0.057034
518024951,1,7,2000,1000,600,3.3,10000,4,9,23999,18866,4334,799,0,0,9997.292959,0.056966
518024951,1,7,3000,1000,600,3.3,10000,4,9,23999,18866,4334,799,0,0,9997.292421,0.056978
518024951,1,7,4000,1000,600,3.3,10000,4,9,23999,18866,4334,799,0,0,9997.290836,0.057011
518024951,1,7,5000,1000,600,3.3,10000,4,9,23999,18742,4329,799,129,0,9997.289980,0.057029
518024951,1,7,6000,1000,600,3.3,10000,4,9,23999,18276,4320,797,606,0,9997.289616,0.057037
518024951,1,7,8000,1000,600,3.3,10000,4,9,23999,17084,4303,779,1833,0,9997.290284,0.057023
652227427,1,7,2000,1000,600,3.3,10000,4,9,23998,19054,4222,722,0,0,9997.292859,0.056968
652227427,1,7,3000,1000,600,3.3,10000,4,9,23998,19054,4222,722,0,0,9997.292756,0.056971
652227427,1,7,4000,1000,600,3.3,10000,4,9,23998,19054,4222,722,0,0,9997.292859,0.056968
652227427,1,7,5000,1000,600,3.3,10000,4,9,23998,18857,4220,722,199,0,9997.292251,0.056981
652227427,1,7,6000,1000,600,3.3,10000,4,9,23998,18441,4215,721,621,0,9997.291855,0.056990
652227427,1,7,8000,1000,600,3.3,10000,4,9,23998,17153,4202,706,1937,0,9997.290974,0.057008
2447348191,1,7,2000,1000,600,3.3,10000,4,9,23999,19221,4077,701,0,0,9997.292978,0.056966
2447348191,1,7,3000,1000,600,3.3,10000,4,9,23999,19221,4077,701,0,0,9997.292778,0.056970
2447348191,1,7,4000,1000,600,3.3,10000,4,9,23999,19221,4077,701,0,0,9997.291975,0.056987
2447348191,1,7,5000,1000,600,3.3,10000,4,9,23999,19069,4077,700,153,0,9997.289878,0.057031
2447348191,1,7,6000,1000,600,3.3,10000,4,9,23999,18668,4070,698,563,0,9997.289082,0.057048
2447348191,1,7,8000,1000,600,3.3,10000,4,9,23999,17491,4043,690,1775,0,9997.290121,0.057026
861648815,1,4,2000,1000,600,3.3,10000,4,9,24000,23427,569,4,0,0,9999.634432,0.007693
861648815,1,4,3000,1000,600,3.3,10000,4,9,24000,22576,1377,47,0,0,9999.213741,0.016546
861648815,1,4,4000,1000,600,3.3,10000,4,9,23999,21542,2040,417,0,0,9998.021655,0.041632
861648815,1,4,5000,1000,600,3.3,10000,4,9,23999,17691,5199,868,241,0,9997.101304,0.060999
861648815,1,4,6000,1000,600,3.3,10000,4,9,23999,14785,7576,1196,442,0,9996.577524,0.072022
861648815,1,4,8000,1000,600,3.3,10000,4,9,23999,11560,10251,1551,637,0,9996.041907,0.083293
652227427,1,32,8000,1000,600,3.3,10000,4,9,9995.599662,0.092600
861648815,1,27,2000,1000,600,3.3,10000,4,9,9999.737426,0.005526
861648815,1,27,3000,1000,600,3.3,10000,4,9,9999.737526,0.005523
861648815,1,27,4000,1000,600,3.3,10000,4,9,9999.737570,0.005523
861648815,1,27,5000,1000,600,3.3,10000,4,9,9999.737583,0.005522
861648815,1,27,6000,1000,600,3.3,10000,4,9,9999.737597,0.005522
861648815,1,27,8000,1000,600,3.3,10000,4,9,9999.737597,0.005522
716359404,1,27,2000,1000,600,3.3,10000,4,9,9999.737481,0.005524
716359404,1,27,3000,1000,600,3.3,10000,4,9,9999.737573,0.005522
716359404,1,27,4000,1000,600,3.3,10000,4,9,9999.737602,0.005522
716359404,1,27,5000,1000,600,3.3,10000,4,9,9999.737604,0.005522
716359404,1,27,6000,1000,600,3.3,10000,4,9,9999.737604,0.005522
716359404,1,27,8000,1000,600,3.3,10000,4,9,9999.737604,0.005522
518024951,1,27,2000,1000,600,3.3,10000,4,9,9999.737404,0.005526
518024951,1,27,3000,1000,600,3.3,10000,4,9,9999.737531,0.005523
518024951,1,27,4000,1000,600,3.3,10000,4,9,9999.737589,0.005522
518024951,1,27,5000,1000,600,3.3,10000,4,9,9999.737597,0.005522
518024951,1,27,6000,1000,600,3.3,10000,4,9,9999.737597,0.005522
518024951,1,27,8000,1000,600,3.3,10000,4,9,9999.737597,0.005522
652227427,1,27,2000,1000,600,3.3,10000,4,9,9999.737415,0.005526
652227427,1,27,3000,1000,600,3.3,10000,4,9,9999.737557,0.005523
652227427,1,27,4000,1000,600,3.3,10000,4,9,9999.737589,0.005522
652227427,1,27,5000,1000,600,3.3,10000,4,9,9999.737605,0.005522
652227427,1,27,6000,1000,600,3.3,10000,4,9,9999.737605,0.005522
652227427,1,27,8000,1000,600,3.3,10000,4,9,9999.737605,0.005522
861648815,1,32,2000,1000,600,3.3,10000,4,9,9995.602691,0.092536
861648815,1,32,3000,1000,600,3.3,10000,4,9,9995.602691,0.092536
861648815,1,32,4000,1000,600,3.3,10000,4,9,9995.600989,0.092572
861648815,1,32,5000,1000,600,3.3,10000,4,9,9995.598557,0.092623
861648815,1,32,6000,1000,600,3.3,10000,4,9,9995.599044,0.092613
861648815,1,32,8000,1000,600,3.3,10000,4,9,9995.598983,0.092614
716359404,1,32,2000,1000,600,3.3,10000,4,9,9995.602691,0.092536
716359404,1,32,3000,1000,600,3.3,10000,4,9,9995.602691,0.092536
716359404,1,32,4000,1000,600,3.3,10000,4,9,9995.600989,0.092572
716359404,1,32,5000,1000,600,3.3,10000,4,9,9995.599044,0.092613
716359404,1,32,6000,1000,600,3.3,10000,4,9,9995.598254,0.092629
716359404,1,32,8000,1000,600,3.3,10000,4,9,9995.598254,0.092629
518024951,1,32,2000,1000,600,3.3,10000,4,9,9995.602762,0.092534
518024951,1,32,3000,1000,600,3.3,10000,4,9,9995.602762,0.092534
518024951,1,32,4000,1000,600,3.3,10000,4,9,9995.601424,0.092563
518024951,1,32,5000,1000,600,3.3,10000,4,9,9995.594556,0.092707
518024951,1,32,6000,1000,600,3.3,10000,4,9,9995.594374,0.092711
518024951,1,32,8000,1000,600,3.3,10000,4,9,9995.596926,0.092657
652227427,1,32,2000,1000,600,3.3,10000,4,9,9995.602762,0.092534
652227427,1,32,3000,1000,600,3.3,10000,4,9,9995.602762,0.092534
652227427,1,32,4000,1000,600,3.3,10000,4,9,9995.602397,0.092542
652227427,1,32,5000,1000,600,3.3,10000,4,9,9995.599358,0.092606
652227427,1,32,6000,1000,600,3.3,10000,4,9,9995.599175,0.092610
861648815,1,32,2000,1000,600,3.3,10000,20,9,9995.182114,0.020277
861648815,1,32,3000,1000,600,3.3,10000,20,9,9995.181946,0.020278
861648815,1,32,4000,1000,600,3.3,10000,20,9,9995.181715,0.020279
861648815,1,32,5000,1000,600,3.3,10000,20,9,9995.181936,0.020278
861648815,1,32,6000,1000,600,3.3,10000,20,9,9994.861999,0.021625
861648815,1,32,8000,1000,600,3.3,10000,20,9,9993.199445,0.028622
716359404,1,32,2000,1000,600,3.3,10000,20,9,9995.209496,0.020162
716359404,1,32,3000,1000,600,3.3,10000,20,9,9995.209270,0.020163
716359404,1,32,4000,1000,600,3.3,10000,20,9,9995.208585,0.020166
716359404,1,32,5000,1000,600,3.3,10000,20,9,9995.207838,0.020169
716359404,1,32,6000,1000,600,3.3,10000,20,9,9994.888336,0.021514
716359404,1,32,8000,1000,600,3.3,10000,20,9,9993.224985,0.028514
518024951,1,32,2000,1000,600,3.3,10000,20,9,9995.192469,0.020234
518024951,1,32,3000,1000,600,3.3,10000,20,9,9995.192337,0.020234
518024951,1,32,4000,1000,600,3.3,10000,20,9,9995.191629,0.020237
518024951,1,32,5000,1000,600,3.3,10000,20,9,9995.190913,0.020240
518024951,1,32,6000,1000,600,3.3,10000,20,9,9994.870785,0.021588
518024951,1,32,8000,1000,600,3.3,10000,20,9,9993.207999,0.028586
652227427,1,32,2000,1000,600,3.3,10000,20,9,9995.194161,0.020227
652227427,1,32,3000,1000,600,3.3,10000,20,9,9995.193926,0.020228
652227427,1,32,4000,1000,600,3.3,10000,20,9,9995.193395,0.020230
652227427,1,32,5000,1000,600,3.3,10000,20,9,9995.192716,0.020233
652227427,1,32,6000,1000,600,3.3,10000,20,9,9994.784941,0.021949
652227427,1,32,8000,1000,600,3.3,10000,20,9,
652227427,1,32,8000,1000,600,3.3,10000,1,9,9999.660627,0.028567
652227427,1,32,8000,1000,600,3.3,10000,1,9,9999.660627,0.028567
652227427,1,32,8000,1000,600,3.3,10000,1,9,9999.660627,0.028567
652227427,1,32,8000,1000,600,3.3,10000,1,9,9999.660627,0.028567
652227427,1,32,8000,1000,600,3.3,10000,1,9,9999.660627,0.028567
652227427,1,32,8000,1000,600,3.3,10000,1,9,9999.660627,0.028567
652227427,1,32,8000,1000,600,3.3,10000,1,9,9999.660627,0.028567
861648815,1,10,2000,1000,600,3.3,10000,4,9,24000,22110,1558,332,0,0,9998.393599,0.033805
861648815,1,10,3000,1000,600,3.3,10000,4,9,24000,22108,1560,332,0,0,9998.393574,0.033805
861648815,1,10,4000,1000,600,3.3,10000,4,9,24000,22108,1560,332,0,0,9998.392952,0.033818
861648815,1,10,5000,1000,600,3.3,10000,4,9,24000,21415,1545,328,712,0,9998.392982,0.033818
861648815,1,10,6000,1000,600,3.3,10000,4,9,24000,19978,1507,324,2191,0,9998.393195,0.033813
861648815,1,10,8000,1000,600,3.3,10000,4,9,24000,16895,1406,297,5402,0,9998.393438,0.033808
716359404,1,10,2000,1000,600,3.3,10000,4,9,23999,22387,1354,258,0,0,9998.457653,0.032457
716359404,1,10,3000,1000,600,3.3,10000,4,9,23999,22387,1354,258,0,0,9998.457368,0.032463
716359404,1,10,4000,1000,600,3.3,10000,4,9,23999,22387,1354,258,0,0,9998.457004,0.032470
716359404,1,10,5000,1000,600,3.3,10000,4,9,23999,21880,1347,257,515,0,9998.457071,0.032469
716359404,1,10,6000,1000,600,3.3,10000,4,9,23999,20385,1318,249,2047,0,9998.457127,0.032468
716359404,1,10,8000,1000,600,3.3,10000,4,9,23999,16852,1205,229,5713,0,9998.457338,0.032463
518024951,1,10,2000,1000,600,3.3,10000,4,9,23999,22366,1401,232,0,0,9998.434328,0.032948
518024951,1,10,3000,1000,600,3.3,10000,4,9,23999,22366,1401,232,0,0,9998.434267,0.032949
518024951,1,10,4000,1000,600,3.3,10000,4,9,23999,22366,1401,232,0,0,9998.434143,0.032952
518024951,1,10,5000,1000,600,3.3,10000,4,9,23999,21644,1381,230,744,0,9998.433927,0.032956
518024951,1,10,6000,1000,600,3.3,10000,4,9,23999,20258,1342,227,2172,0,9998.433261,0.032970
518024951,1,10,8000,1000,600,3.3,10000,4,9,23999,16765,1277,213,5744,0,9998.433395,0.032967
652227427,1,10,2000,1000,600,3.3,10000,4,9,23997,22278,1448,271,0,0,9998.427697,0.033087
652227427,1,10,3000,1000,600,3.3,10000,4,9,23997,22278,1448,271,0,0,9998.427703,0.033087
652227427,1,10,4000,1000,600,3.3,10000,4,9,23997,22278,1448,271,0,0,9998.427573,0.033090
652227427,1,10,5000,1000,600,3.3,10000,4,9,23997,21599,1442,270,686,0,9998.426934,0.033103
652227427,1,10,6000,1000,600,3.3,10000,4,9,23997,20165,1421,263,2148,0,9998.426979,0.033102
652227427,1,10,8000,1000,600,3.3,10000,4,9,23998,16874,1344,246,5534,0,9998.426995,0.033102
2447348191,1,10,2000,1000,600,3.3,10000,4,9,23999,22141,1542,316,0,0,9998.386189,0.033961
2447348191,1,10,3000,1000,600,3.3,10000,4,9,23999,22141,1542,316,0,0,9998.386166,0.033961
2447348191,1,10,4000,1000,600,3.3,10000,4,9,23999,22141,1542,316,0,0,9998.384794,0.033990
2447348191,1,10,5000,1000,600,3.3,10000,4,9,23999,21510,1527,313,649,0,9998.385290,0.033980
2447348191,1,10,6000,1000,600,3.3,10000,4,9,23999,20243,1503,304,1949,0,9998.385533,0.033974
2447348191,1,10,8000,1000,600,3.3,10000,4,9,23999,16988,1409,288,5314,0,9998.385837,0.033968
861648815,1,1,2000,1000,600,3.3,10000,16,9,
861648815,1,1,2000,1000,600,3.3,10000,16,9,9996.251378,0.019721
861648815,1,1,3000,1000,600,3.3,10000,16,9,9996.251538,0.019720
861648815,1,1,4000,1000,600,3.3,10000,16,9,9996.251130,0.019723
861648815,1,1,5000,1000,600,3.3,10000,16,9,9996.251352,0.019721
861648815,1,1,6000,1000,600,3.3,10000,16,9,9996.013341,0.020974
861648815,1,1,8000,1000,600,3.3,10000,16,9,9994.752648,0.027606
716359404,1,1,2000,1000,600,3.3,10000,16,9,9996.270277,0.019622
716359404,1,1,3000,1000,600,3.3,10000,16,9,9996.270131,0.019623
716359404,1,1,4000,1000,600,3.3,10000,16,9,9996.269796,0.019624
716359404,1,1,5000,1000,600,3.3,10000,16,9,9996.269635,0.019625
716359404,1,1,6000,1000,600,3.3,10000,16,9,9996.014061,0.020970
716359404,1,1,8000,1000,600,3.3,10000,16,9,9994.771302,0.027508
518024951,1,1,2000,1000,600,3.3,10000,16,9,9996.260882,0.019671
518024951,1,1,3000,1000,600,3.3,10000,16,9,9996.260901,0.019671
518024951,1,1,4000,1000,600,3.3,10000,16,9,9996.260484,0.019673
518024951,1,1,5000,1000,600,3.3,10000,16,9,9996.260113,0.019675
518024951,1,1,6000,1000,600,3.3,10000,16,9,9996.021913,0.020928
518024951,1,1,8000,1000,600,3.3,10000,16,9,9994.762118,0.027556
652227427,1,1,2000,1000,600,3.3,10000,16,9,9996.258195,0.019685
652227427,1,1,3000,1000,600,3.3,10000,16,9,9996.258082,0.019686
652227427,1,1,4000,1000,600,3.3,10000,16,9,9996.257312,0.019690
652227427,1,1,5000,1000,600,3.3,10000,16,9,9996.257461,0.019689
652227427,1,1,6000,1000,600,3.3,10000,16,9,9996.020050,0.020938
652227427,1,1,8000,1000,600,3.3,10000,16,9,9994.759619,0.027569
861648815,1,1,2000,1000,600,3.3,10000,16,9,9996.251378,0.019721
861648815,1,1,3000,1000,600,3.3,10000,16,9,9996.251538,0.019720
861648815,1,1,4000,1000,600,3.3,10000,16,9,9996.251130,0.019723
861648815,1,1,5000,1000,600,3.3,10000,16,9,9996.251352,0.019721
861648815,1,1,6000,1000,600,3.3,10000,16,9,9995.888537,0.021630
861648815,1,1,8000,1000,600,3.3,10000,16,9,9994.752648,0.027606
716359404,1,1,2000,1000,600,3.3,10000,16,9,9995.976808,0.021166
716359404,1,1,3000,1000,600,3.3,10000,16,9,9995.976630,0.021167
716359404,1,1,4000,1000,600,3.3,10000,16,9,9995.976213,0.021169
716359404,1,1,5000,1000,600,3.3,10000,16,9,9995.977900,0.021160
716359404,1,1,6000,1000,600,3.3,10000,16,9,9995.723753,0.022497
716359404,1,1,8000,1000,600,3.3,10000,16,9,9994.771302,0.027508
518024951,1,1,2000,1000,600,3.3,10000,16,9,9996.072215,0.020664
518024951,1,1,3000,1000,600,3.3,10000,16,9,9996.072269,0.020664
518024951,1,1,4000,1000,600,3.3,10000,16,9,9996.071684,0.020667
518024951,1,1,5000,1000,600,3.3,10000,16,9,9996.159273,0.020206
518024951,1,1,6000,1000,600,3.3,10000,16,9,9995.933681,0.021393
518024951,1,1,8000,1000,600,3.3,10000,16,9,9994.762118,0.027556
652227427,1,1,2000,1000,600,3.3,10000,16,9,9996.225650,0.019857
652227427,1,1,3000,1000,600,3.3,10000,16,9,9996.225505,0.019857
652227427,1,1,4000,1000,600,3.3,10000,16,9,9996.224769,0.019861
652227427,1,1,5000,1000,600,3.3,10000,16,9,9996.215956,0.019908
652227427,1,1,6000,1000,600,3.3,10000,16,9,9995.931879,0.021402
652227427,1,1,8000,1000,600,3.3,10000,16,9,9994.759619,0.027569
861648815,1,1,2000,1000,600,3.3,10000,16,9,9996.251378,0.019721
861648815,1,1,3000,1000,600,3.3,10000,16,9,9996.251538,0.019720
861648815,1,1,4000,1000,600,3.3,10000,16,9,9996.251130,0.019723
861648815,1,1,5000,1000,600,3.3,10000,16,9,9996.251352,0.019721
861648815,1,1,6000,1000,600,3.3,10000,16,9,9996.251317,0.019722
861648815,1,1,8000,1000,600,3.3,10000,16,9,9996.251133,0.019723
716359404,1,1,2000,1000,600,3.3,10000,16,9,9996.270277,0.019622
716359404,1,1,3000,1000,600,3.3,10000,16,9,9996.270131,0.019623
716359404,1,1,4000,1000,600,3.3,10000,16,9,9996.269796,0.019624
716359404,1,1,5000,1000,600,3.3,10000,16,9,9996.269635,0.019625
716359404,1,1,6000,1000,600,3.3,10000,16,9,9996.269568,0.019626
716359404,1,1,8000,1000,600,3.3,10000,16,9,9996.269578,0.019626
518024951,1,1,2000,1000,600,3.3,10000,16,9,9996.260882,0.019671
518024951,1,1,3000,1000,600,3.3,10000,16,9,9996.260901,0.019671
518024951,1,1,4000,1000,600,3.3,10000,16,9,9996.260484,0.019673
518024951,1,1,5000,1000,600,3.3,10000,16,9,9996.260113,0.019675
518024951,1,1,6000,1000,600,3.3,10000,16,9,9996.259937,0.019676
518024951,1,1,8000,1000,600,3.3,10000,16,9,9996.260460,0.019674
652227427,1,1,2000,1000,600,3.3,10000,16,9,9996.258195,0.019685
652227427,1,1,3000,1000,600,3.3,10000,16,9,9996.258082,0.019686
652227427,1,1,4000,1000,600,3.3,10000,16,9,9996.257312,0.019690
652227427,1,1,5000,1000,600,3.3,10000,16,9,9996.257461,0.019689
652227427,1,1,6000,1000,600,3.3,10000,16,9,9996.257999,0.019686
652227427,1,1,8000,1000,600,3.3,10000,16,9,9996.258044,0.019686
861648815,1,44,2000,1000,600,3.3,10000,4,9,24000,23427,569,4,0,0,9999.649437,0.007377
861648815,1,44,3000,1000,600,3.3,10000,4,9,24000,22576,1377,47,0,0,9999.250364,0.015775
861648815,1,44,4000,1000,600,3.3,10000,4,9,23999,21542,2040,417,0,0,9998.119598,0.039571
861648815,1,44,5000,1000,600,3.3,10000,4,9,23999,17691,5199,868,241,0,9997.246416,0.057946
861648815,1,44,6000,1000,600,3.3,10000,4,9,23999,14785,7576,1196,442,0,9996.749531,0.068402
861648815,1,44,8000,1000,600,3.3,10000,4,9,23999,11560,10251,1551,637,0,9996.241729,0.079088
716359404,1,44,2000,1000,600,3.3,10000,4,9,24000,23246,750,4,0,0,9999.657213,0.007214
716359404,1,44,3000,1000,600,3.3,10000,4,9,24000,22978,982,40,0,0,9999.267416,0.015416
716359404,1,44,4000,1000,600,3.3,10000,4,9,24000,21829,1795,376,0,0,9998.227697,0.037296
716359404,1,44,5000,1000,600,3.3,10000,4,9,24000,17964,4914,847,275,0,9997.294500,0.056934
716359404,1,44,6000,1000,600,3.3,10000,4,9,24000,14767,7452,1124,657,0,9996.789585,0.067559
716359404,1,44,8000,1000,600,3.3,10000,4,9,24000,11292,10361,1471,876,0,9996.259055,0.078724
518024951,1,44,2000,1000,600,3.3,10000,4,9,23999,23306,683,10,0,0,9999.657123,0.007215
518024951,1,44,3000,1000,600,3.3,10000,4,9,23999,22650,1291,58,0,0,9999.263297,0.015503
518024951,1,44,4000,1000,600,3.3,10000,4,9,23999,21440,2140,419,0,0,9998.199246,0.037895
518024951,1,44,5000,1000,600,3.3,10000,4,9,23999,17601,5172,943,283,0,9997.251318,0.057843
518024951,1,44,6000,1000,600,3.3,10000,4,9,23999,14082,7924,1398,595,0,9996.721947,0.068983
518024951,1,44,8000,1000,600,3.3,10000,4,9,23999,11168,10320,1765,746,0,9996.247405,0.078969
652227427,1,44,2000,1000,600,3.3,10000,4,9,24000,23194,792,14,0,0,9999.652624,0.007310
652227427,1,44,3000,1000,600,3.3,10000,4,9,24000,22837,1117,46,0,0,9999.257124,0.015633
652227427,1,44,4000,1000,600,3.3,10000,4,9,23999,21530,2103,366,0,0,9998.173991,0.038426
652227427,1,44,5000,1000,600,3.3,10000,4,9,23998,17622,5173,851,352,0,9997.246329,0.057948
652227427,1,44,6000,1000,600,3.3,10000,4,9,23998,14585,7626,1125,662,0,9996.761789,0.068144
652227427,1,44,8000,1000,600,3.3,10000,4,9,23998,11415,10329,1461,793,0,9996.273698,0.078415
2447348191,1,44,2000,1000,600,3.3,10000,4,9,24000,23450,543,7,0,0,9999.653179,0.007298
2447348191,1,44,3000,1000,600,3.3,10000,4,9,24000,22765,1179,56,0,0,9999.250836,0.015765
2447348191,1,44,4000,1000,600,3.3,10000,4,9,24000,21569,2062,369,0,0,9998.150414,0.038922
2447348191,1,44,5000,1000,600,3.3,10000,4,9,23999,17233,5628,846,292,0,9997.164258,0.059675
2447348191,1,44,6000,1000,600,3.3,10000,4,9,23999,14427,7966,1114,492,0,9996.692131,0.069610
2447348191,1,44,8000,1000,600,3.3,10000,4,9,23998,11204,10740,1382,672,0,9996.194079,0.080091