RunSeed,Seed,Algoritmo,Radius,nDevices,appPeriodsSeconds,batteryVoltage,batteryEnergyInit,hours,TxPowerdBm,PHYTotal,PHYSuccessful,PHYInterfered,PHYNoMoreReceivers,PHYUnderSensitivity,PHYLostBecauseTX,batteryEnergyFinal,currenthora
2314927680,1,1,2000,1000,600,3.3,10000,4,9,24000,22190,708,48,1054,0,9999.229786,0.016208
2314927680,1,1,3000,1000,600,3.3,10000,4,9,24000,20004,558,46,3392,0,9999.230558,0.016192
2314927680,1,1,4000,1000,600,3.3,10000,4,9,24000,17140,473,40,6347,0,9999.228567,0.016234
2314927680,1,1,5000,1000,600,3.3,10000,4,9,24000,14278,255,34,9433,0,9999.229927,0.016205
2314927680,1,1,6000,1000,600,3.3,10000,4,9,24000,11705,228,23,12044,0,9999.230103,0.016202
2314927680,1,1,8000,1000,600,3.3,10000,4,9,24000,8537,115,15,15333,0,9999.226993,0.016267
861648815,1,1,2000,1000,600,3.3,10000,4,9,24000,22284,608,61,1047,0,9999.228252,0.016240
861648815,1,1,3000,1000,600,3.3,10000,4,9,24000,20256,506,58,3180,0,9999.229834,0.016207
861648815,1,1,4000,1000,600,3.3,10000,4,9,24000,17180,426,51,6343,0,9999.224999,0.016309
861648815,1,1,5000,1000,600,3.3,10000,4,9,24000,14157,311,42,9490,0,9999.228150,0.016243
861648815,1,1,6000,1000,600,3.3,10000,4,9,24000,11809,240,25,11926,0,9999.229299,0.016218
861648815,1,1,8000,1000,600,3.3,10000,4,9,24000,8724,118,20,15138,0,9999.230360,0.016196
716359404,1,1,2000,1000,600,3.3,10000,4,9,24000,22367,584,31,1018,0,9999.228183,0.016242
716359404,1,1,3000,1000,600,3.3,10000,4,9,24000,20220,515,30,3235,0,9999.230310,0.016197
716359404,1,1,4000,1000,600,3.3,10000,4,9,24000,17409,330,28,6233,0,9999.228780,0.016229
716359404,1,1,5000,1000,600,3.3,10000,4,9,24000,14535,263,19,9183,0,9999.227612,0.016254
716359404,1,1,6000,1000,600,3.3,10000,4,9,24000,11822,204,16,11958,0,9999.229854,0.016207
716359404,1,1,8000,1000,600,3.3,10000,4,9,24000,8900,119,13,14968,0,9999.227697,0.016252
518024951,1,1,2000,1000,600,3.3,10000,4,9,23999,22218,630,60,1091,0,9999.229923,0.016205
518024951,1,1,3000,1000,600,3.3,10000,4,9,23999,20034,537,52,3376,0,9999.228868,0.016228
518024951,1,1,4000,1000,600,3.3,10000,4,9,24000,17127,387,44,6442,0,9999.227183,0.016263
518024951,1,1,5000,1000,600,3.3,10000,4,9,24000,14227,303,36,9434,0,9999.229503,0.016214
518024951,1,1,6000,1000,600,3.3,10000,4,9,24000,11803,224,23,11950,0,9999.226575,0.016276
518024951,1,1,8000,1000,600,3.3,10000,4,9,24000,8634,135,15,15216,0,9999.229285,0.016219
652227427,1,1,2000,1000,600,3.3,10000,4,9,24000,22350,544,62,1044,0,9999.227915,0.016248
652227427,1,1,3000,1000,600,3.3,10000,4,9,24000,20015,476,57,3452,0,9999.228994,0.016225
652227427,1,1,4000,1000,600,3.3,10000,4,9,24000,17264,349,45,6342,0,9999.230018,0.016203
652227427,1,1,5000,1000,600,3.3,10000,4,9,24000,14263,270,37,9430,0,9999.231707,0.016168
652227427,1,1,6000,1000,600,3.3,10000,4,9,24000,11452,184,27,12337,0,9999.232377,0.016154
652227427,1,1,8000,1000,600,3.3,10000,4,9,24000,8645,119,21,15215,0,9999.229003,0.016225
2447348191,1,1,2000,1000,600,3.3,10000,4,9,24000,22322,678,59,941,0,9999.229381,0.016217
2447348191,1,1,3000,1000,600,3.3,10000,4,9,24000,20079,542,58,3321,0,9999.224632,0.016317
2447348191,1,1,4000,1000,600,3.3,10000,4,9,24000,17185,460,48,6307,0,9999.228221,0.016241
2447348191,1,1,5000,1000,600,3.3,10000,4,9,24000,14324,330,35,9311,0,9999.228611,0.016233
2447348191,1,1,6000,1000,600,3.3,10000,4,9,24000,12038,283,29,11650,0,9999.228239,0.016241
2447348191,1,1,8000,1000,600,3.3,10000,4,9,24000,8702,156,12,15130,0,9999.230262,0.016198
2314927680,1,2,2000,1000,600,3.3,10000,4,9,24000,22305,626,14,1055,0,9999.463226,0.011296
2314927680,1,2,3000,1000,600,3.3,10000,4,9,24000,19847,492,15,3646,0,9999.459526,0.011374
2314927680,1,2,4000,1000,600,3.3,10000,4,9,24000,16397,333,13,7257,0,9999.463193,0.011296
2314927680,1,2,5000,1000,600,3.3,10000,4,9,24000,13753,263,8,9976,0,9999.462065,0.011320
2314927680,1,2,6000,1000,600,3.3,10000,4,9,24000,11212,148,8,12632,0,9999.460373,0.011356
2314927680,1,2,8000,1000,600,3.3,10000,4,9,24000,8049,68,3,15880,0,9999.461900,0.011324
861648815,1,2,2000,1000,600,3.3,10000,4,9,24000,22364,554,21,1061,0,9999.461172,0.011339
861648815,1,2,3000,1000,600,3.3,10000,4,9,24000,19841,412,17,3730,0,9999.464502,0.011269
861648815,1,2,4000,1000,600,3.3,10000,4,9,24000,16322,272,15,7391,0,9999.462473,0.011312
861648815,1,2,5000,1000,600,3.3,10000,4,9,24000,13743,240,15,10002,0,9999.461333,0.011336
861648815,1,2,6000,1000,600,3.3,10000,4,9,24000,11183,190,5,12622,0,9999.464302,0.011273
861648815,1,2,8000,1000,600,3.3,10000,4,9,24000,8197,92,4,15707,0,9999.462850,0.011304
716359404,1,2,2000,1000,600,3.3,10000,4,9,24000,22270,559,14,1157,0,9999.462917,0.011302
716359404,1,2,3000,1000,600,3.3,10000,4,9,24000,19972,435,14,3579,0,9999.463313,0.011294
716359404,1,2,4000,1000,600,3.3,10000,4,9,24000,16562,288,10,7140,0,9999.460224,0.011359
716359404,1,2,5000,1000,600,3.3,10000,4,9,24000,14014,230,9,9747,0,9999.461137,0.011340
716359404,1,2,6000,1000,600,3.3,10000,4,9,24000,11385,166,8,12441,0,9999.461062,0.011341
716359404,1,2,8000,1000,600,3.3,10000,4,9,24000,8232,65,4,15699,0,9999.462396,0.011313
518024951,1,2,2000,1000,600,3.3,10000,4,9,23999,22228,584,23,1164,0,9999.460702,0.011349
518024951,1,2,3000,1000,600,3.3,10000,4,9,23999,19775,449,22,3753,0,9999.463616,0.011288
518024951,1,2,4000,1000,600,3.3,10000,4,9,23999,16395,295,12,7297,0,9999.460206,0.011359
518024951,1,2,5000,1000,600,3.3,10000,4,9,24000,13927,222,10,9841,0,9999.462502,0.011311
518024951,1,2,6000,1000,600,3.3,10000,4,9,24000,11188,118,12,12682,0,9999.463321,0.011294
518024951,1,2,8000,1000,600,3.3,10000,4,9,24000,8035,59,2,15904,0,9999.462586,0.011309
652227427,1,2,2000,1000,600,3.3,10000,4,9,24000,22314,507,27,1152,0,9999.461672,0.011328
652227427,1,2,3000,1000,600,3.3,10000,4,9,24000,19549,385,26,4040,0,9999.463601,0.011288
652227427,1,2,4000,1000,600,3.3,10000,4,9,24000,16488,279,20,7213,0,9999.461100,0.011340
652227427,1,2,5000,1000,600,3.3,10000,4,9,24000,13702,209,12,10077,0,9999.462227,0.011317
652227427,1,2,6000,1000,600,3.3,10000,4,9,24000,11043,118,10,12829,0,9999.460222,0.011359
652227427,1,2,8000,1000,600,3.3,10000,4,9,24000,8181,78,7,15734,0,9999.463872,0.011282
2447348191,1,2,2000,1000,600,3.3,10000,4,9,24000,22232,602,27,1139,0,9999.462673,0.011307
2447348191,1,2,3000,1000,600,3.3,10000,4,9,24000,19692,497,24,3787,0,9999.462084,0.011320
2447348191,1,2,4000,1000,600,3.3,10000,4,9,24000,16416,384,16,7184,0,9999.463788,0.011284
2447348191,1,2,5000,1000,600,3.3,10000,4,9,24000,13814,227,12,9947,0,9999.463510,0.011290
2447348191,1,2,6000,1000,600,3.3,10000,4,9,24000,11139,203,8,12650,0,9999.460261,0.011358
2447348191,1,2,8000,1000,600,3.3,10000,4,9,24000,8050,139,5,15806,0,9999.461910,0.011323
2314927680,1,4,2000,1000,600,3.3,10000,4,9,24000,22291,618,6,1085,0,9999.631122,0.007763
2314927680,1,4,3000,1000,600,3.3,10000,4,9,24000,20775,1034,40,2151,0,9999.218800,0.016439
2314927680,1,4,4000,1000,600,3.3,10000,4,9,24000,19187,1802,323,2688,0,9998.062971,0.040762
2314927680,1,4,5000,1000,600,3.3,10000,4,9,23999,15964,4090,708,3237,0,9997.035495,0.062384
2314927680,1,4,6000,1000,600,3.3,10000,4,9,23999,13573,5808,972,3646,0,9996.456965,0.074559
2314927680,1,4,8000,1000,600,3.3,10000,4,9,23999,10050,6542,900,6507,0,9995.869451,0.086922
861648815,1,4,2000,1000,600,3.3,10000,4,9,24000,22562,499,3,936,0,9999.620945,0.007977
861648815,1,4,3000,1000,600,3.3,10000,4,9,24000,20718,1144,41,2097,0,9999.181144,0.017232
861648815,1,4,4000,1000,600,3.3,10000,4,9,23999,19416,1777,388,2418,0,9997.932578,0.043506
861648815,1,4,5000,1000,600,3.3,10000,4,9,23999,15864,4229,752,3154,0,9996.975220,0.063653
861648815,1,4,6000,1000,600,3.3,10000,4,9,24000,13372,6129,993,3506,0,9996.426667,0.075196
861648815,1,4,8000,1000,600,3.3,10000,4,9,24000,10236,6233,909,6622,0,9995.870224,0.086906
716359404,1,4,2000,1000,600,3.3,10000,4,9,24000,22426,658,4,912,0,9999.629707,0.007792
716359404,1,4,3000,1000,600,3.3,10000,4,9,24000,21027,815,37,2121,0,9999.201276,0.016808
716359404,1,4,4000,1000,600,3.3,10000,4,9,24000,19520,1468,343,2669,0,9998.058322,0.040860
716359404,1,4,5000,1000,600,3.3,10000,4,9,24000,16073,4151,731,3045,0,9997.024307,0.062620
716359404,1,4,6000,1000,600,3.3,10000,4,9,24000,13389,5915,912,3784,0,9996.473233,0.074216
716359404,1,4,8000,1000,600,3.3,10000,4,9,24000,10049,6493,860,6598,0,9995.891316,0.086462
518024951,1,4,2000,1000,600,3.3,10000,4,9,23999,22309,600,10,1080,0,9999.629413,0.007799
518024951,1,4,3000,1000,600,3.3,10000,4,9,23999,20749,1084,55,2111,0,9999.195541,0.016929
518024951,1,4,4000,1000,600,3.3,10000,4,9,23999,19178,1823,387,2611,0,9998.031598,0.041423
518024951,1,4,5000,1000,600,3.3,10000,4,9,23999,15784,4300,826,3089,0,9996.980019,0.063552
518024951,1,4,6000,1000,600,3.3,10000,4,9,23999,12734,6420,1158,3687,0,9996.399631,0.075765
518024951,1,4,8000,1000,600,3.3,10000,4,9,23999,9892,6428,1017,6662,0,9995.877272,0.086758
652227427,1,4,2000,1000,600,3.3,10000,4,9,24000,22243,678,12,1067,0,9999.624698,0.007898
652227427,1,4,3000,1000,600,3.3,10000,4,9,24000,20555,971,43,2431,0,9999.189232,0.017062
652227427,1,4,4000,1000,600,3.3,10000,4,9,23999,19176,1787,341,2695,0,9998.000172,0.042084
652227427,1,4,5000,1000,600,3.3,10000,4,9,23998,15702,4292,764,3240,0,9996.972944,0.063701
652227427,1,4,6000,1000,600,3.3,10000,4,9,23998,13253,6186,891,3668,0,9996.437978,0.074958
652227427,1,4,8000,1000,600,3.3,10000,4,9,24000,10122,6161,849,6868,0,9995.911241,0.086043
2447348191,1,4,2000,1000,600,3.3,10000,4,9,24000,22507,485,6,1002,0,9999.625892,0.007873
2447348191,1,4,3000,1000,600,3.3,10000,4,9,24000,20875,960,51,2114,0,9999.181889,0.017216
2447348191,1,4,4000,1000,600,3.3,10000,4,9,24000,19586,1721,334,2359,0,9997.970617,0.042706
2447348191,1,4,5000,1000,600,3.3,10000,4,9,23999,15471,4702,747,3079,0,9996.883422,0.065585
2447348191,1,4,6000,1000,600,3.3,10000,4,9,23999,13340,6442,935,3282,0,9996.358687,0.076627
2447348191,1,4,8000,1000,600,3.3,10000,4,9,23998,9979,6767,809,6443,0,9995.814727,0.088074

2314927680,1,3,2000,1000,600,3.3,10000,4,9,24000,22440,574,41,945,0,9999.264856,0.015470
2314927680,1,3,3000,1000,600,3.3,10000,4,9,24000,20085,450,37,3428,0,9999.263963,0.015489
2314927680,1,3,4000,1000,600,3.3,10000,4,9,24000,16959,355,36,6650,0,9999.266539,0.015435
2314927680,1,3,5000,1000,600,3.3,10000,4,9,24000,14391,268,26,9315,0,9999.266437,0.015437
2314927680,1,3,6000,1000,600,3.3,10000,4,9,24000,11801,206,18,11975,0,9999.266596,0.015434
2314927680,1,3,8000,1000,600,3.3,10000,4,9,24000,8484,121,10,15385,0,9999.268597,0.015391
861648815,1,3,2000,1000,600,3.3,10000,4,9,24000,22323,579,51,1047,0,9999.266340,0.015439
861648815,1,3,3000,1000,600,3.3,10000,4,9,24000,20277,460,52,3211,0,9999.266274,0.015440
861648815,1,3,4000,1000,600,3.3,10000,4,9,24000,16791,375,42,6792,0,9999.267800,0.015408
861648815,1,3,5000,1000,600,3.3,10000,4,9,24000,14252,312,27,9409,0,9999.265943,0.015447
861648815,1,3,6000,1000,600,3.3,10000,4,9,24000,11865,213,22,11900,0,9999.266174,0.015442
861648815,1,3,8000,1000,600,3.3,10000,4,9,24000,8616,104,9,15271,0,9999.266440,0.015437
716359404,1,3,2000,1000,600,3.3,10000,4,9,24000,22337,633,29,1001,0,9999.264732,0.015473
716359404,1,3,3000,1000,600,3.3,10000,4,9,24000,20195,499,26,3280,0,9999.265387,0.015459
716359404,1,3,4000,1000,600,3.3,10000,4,9,24000,16855,372,21,6752,0,9999.263733,0.015494
716359404,1,3,5000,1000,600,3.3,10000,4,9,24000,14552,241,23,9184,0,9999.266880,0.015428
716359404,1,3,6000,1000,600,3.3,10000,4,9,24000,11763,234,14,11989,0,9999.263926,0.015490
716359404,1,3,8000,1000,600,3.3,10000,4,9,24000,8716,118,7,15159,0,9999.265123,0.015465
518024951,1,3,2000,1000,600,3.3,10000,4,9,23999,22396,584,56,963,0,9999.268795,0.015387
518024951,1,3,3000,1000,600,3.3,10000,4,9,24000,20043,447,49,3461,0,9999.264505,0.015478
518024951,1,3,4000,1000,600,3.3,10000,4,9,24000,16860,341,42,6757,0,9999.263889,0.015491
518024951,1,3,5000,1000,600,3.3,10000,4,9,24000,14420,261,36,9283,0,9999.265287,0.015461
518024951,1,3,6000,1000,600,3.3,10000,4,9,24000,11814,194,23,11969,0,9999.266488,0.015436
518024951,1,3,8000,1000,600,3.3,10000,4,9,23999,8371,111,15,15502,0,9999.265591,0.015455
652227427,1,3,2000,1000,600,3.3,10000,4,9,24000,22347,550,53,1050,0,9999.261209,0.015547
652227427,1,3,3000,1000,600,3.3,10000,4,9,24000,20261,395,47,3297,0,9999.266713,0.015431
652227427,1,3,4000,1000,600,3.3,10000,4,9,24000,16923,311,36,6730,0,9999.264306,0.015482
652227427,1,3,5000,1000,600,3.3,10000,4,9,24000,14345,272,34,9349,0,9999.260011,0.015572
652227427,1,3,6000,1000,600,3.3,10000,4,9,24000,11844,183,26,11947,0,9999.265469,0.015457
652227427,1,3,8000,1000,600,3.3,10000,4,9,24000,8451,113,21,15415,0,9999.267049,0.015424
2447348191,1,3,2000,1000,600,3.3,10000,4,9,24000,22256,622,50,1072,0,9999.268296,0.015398
2447348191,1,3,3000,1000,600,3.3,10000,4,9,24000,20166,509,48,3277,0,9999.265193,0.015463
2447348191,1,3,4000,1000,600,3.3,10000,4,9,24000,16789,416,39,6756,0,9999.266826,0.015429
2447348191,1,3,5000,1000,600,3.3,10000,4,9,24000,14355,316,34,9295,0,9999.267443,0.015416
2447348191,1,3,6000,1000,600,3.3,10000,4,9,24000,11831,253,26,11890,0,9999.261451,0.015542
2447348191,1,3,8000,1000,600,3.3,10000,4,9,24000,8378,156,18,15448,0,9999.264675,0.015474
2314927680,1,3,2000,1000,600,3.3,10000,4,9,24000,22340,552,40,1068,0,9999.269481,0.015373
2314927680,1,3,3000,1000,600,3.3,10000,4,9,24000,20161,452,41,3346,0,9999.266462,0.015436
2314927680,1,3,4000,1000,600,3.3,10000,4,9,24000,16818,368,35,6779,0,9999.267861,0.015407
2314927680,1,3,5000,1000,600,3.3,10000,4,9,24000,14141,287,25,9547,0,9999.269199,0.015379
2314927680,1,3,6000,1000,600,3.3,10000,4,9,24000,11889,183,18,11910,0,9999.266002,0.015446
2314927680,1,3,8000,1000,600,3.3,10000,4,9,24000,8453,99,7,15441,0,9999.267099,0.015423
861648815,1,3,2000,1000,600,3.3,10000,4,9,24000,22469,563,52,916,0,9999.267450,0.015416
861648815,1,3,3000,1000,600,3.3,10000,4,9,24000,20136,439,45,3380,0,9999.264926,0.015469
861648815,1,3,4000,1000,600,3.3,10000,4,9,24000,16747,361,44,6848,0,9999.266717,0.015431
861648815,1,3,5000,1000,600,3.3,10000,4,9,24000,14374,280,30,9316,0,9999.264537,0.015477
861648815,1,3,6000,1000,600,3.3,10000,4,9,24000,12015,217,23,11745,0,9999.265108,0.015465
861648815,1,3,8000,1000,600,3.3,10000,4,9,24000,8393,104,12,15491,0,9999.265496,0.015457
716359404,1,3,2000,1000,600,3.3,10000,4,9,24000,22293,623,29,1055,0,9999.265595,0.015455
716359404,1,3,3000,1000,600,3.3,10000,4,9,24000,20205,497,29,3269,0,9999.264560,0.015476
716359404,1,3,4000,1000,600,3.3,10000,4,9,24000,16848,407,24,6721,0,9999.268314,0.015397
716359404,1,3,5000,1000,600,3.3,10000,4,9,24000,14290,270,20,9420,0,9999.268175,0.015400
716359404,1,3,6000,1000,600,3.3,10000,4,9,24000,11790,193,13,12004,0,9999.263512,0.015498
716359404,1,3,8000,1000,600,3.3,10000,4,9,24000,8644,136,9,15211,0,9999.267627,0.015412
518024951,1,3,2000,1000,600,3.3,10000,4,9,23999,22318,594,57,1030,0,9999.265752,0.015451
518024951,1,3,3000,1000,600,3.3,10000,4,9,24000,20017,449,56,3478,0,9999.265825,0.015450
518024951,1,3,4000,1000,600,3.3,10000,4,9,23999,16871,356,46,6726,0,9999.268160,0.015401
518024951,1,3,5000,1000,600,3.3,10000,4,9,24000,14422,276,29,9273,0,9999.266050,0.015445
518024951,1,3,6000,1000,600,3.3,10000,4,9,24000,11723,184,24,12069,0,9999.263799,0.015492
518024951,1,3,8000,1000,600,3.3,10000,4,9,23999,8446,124,17,15412,0,9999.266897,0.015427
652227427,1,3,2000,1000,600,3.3,10000,4,9,24000,22304,551,55,1090,0,9999.263914,0.015490
652227427,1,3,3000,1000,600,3.3,10000,4,9,24000,20129,451,47,3373,0,9999.268727,0.015389
652227427,1,3,4000,1000,600,3.3,10000,4,9,24000,16874,315,37,6774,0,9999.265534,0.015456
652227427,1,3,5000,1000,600,3.3,10000,4,9,24000,14327,257,33,9383,0,9999.265385,0.015459
652227427,1,3,6000,1000,600,3.3,10000,4,9,24000,11792,175,27,12006,0,9999.266226,0.015441
652227427,1,3,8000,1000,600,3.3,10000,4,9,24000,8619,127,15,15239,0,9999.264130,0.015485
2447348191,1,3,2000,1000,600,3.3,10000,4,9,24000,22312,595,50,1043,0,9999.261375,0.015543
2447348191,1,3,3000,1000,600,3.3,10000,4,9,24000,19937,510,47,3506,0,9999.266929,0.015427
2447348191,1,3,4000,1000,600,3.3,10000,4,9,24000,16771,441,42,6746,0,9999.266360,0.015439
2447348191,1,3,5000,1000,600,3.3,10000,4,9,24000,14304,363,33,9300,0,9999.263987,0.015488
2447348191,1,3,6000,1000,600,3.3,10000,4,9,24000,11787,222,26,11965,0,9999.268319,0.015397
2447348191,1,3,8000,1000,600,3.3,10000,4,9,24000,8590,164,18,15228,0,9999.268629,0.015391
861648815,1,32,2000,1000,600,3.3,10000,4,9,9995.386742,0.097080
861648815,1,32,3000,1000,600,3.3,10000,4,9,9995.386043,0.097095
861648815,1,32,4000,1000,600,3.3,10000,4,9,9995.381907,0.097182
861648815,1,32,5000,1000,600,3.3,10000,4,9,9995.379129,0.097241
861648815,1,32,6000,1000,600,3.3,10000,4,9,9995.374628,0.097335
861648815,1,32,8000,1000,600,3.3,10000,4,9,9995.383378,0.097151
716359404,1,32,2000,1000,600,3.3,10000,4,9,9995.385343,0.097110
716359404,1,32,3000,1000,600,3.3,10000,4,9,9995.380912,0.097203
716359404,1,32,4000,1000,600,3.3,10000,4,9,9995.377993,0.097264
716359404,1,32,5000,1000,600,3.3,10000,4,9,9995.373887,0.097351
716359404,1,32,6000,1000,600,3.3,10000,4,9,9995.374861,0.097330
716359404,1,32,8000,1000,600,3.3,10000,4,9,9995.385011,0.097117
518024951,1,32,2000,1000,600,3.3,10000,4,9,9995.385880,0.097098
518024951,1,32,3000,1000,600,3.3,10000,4,9,9995.384481,0.097128
518024951,1,32,4000,1000,600,3.3,10000,4,9,9995.387868,0.097057
518024951,1,32,5000,1000,600,3.3,10000,4,9,9995.379284,0.097237
518024951,1,32,6000,1000,600,3.3,10000,4,9,9995.380500,0.097212
518024951,1,32,8000,1000,600,3.3,10000,4,9,9995.385335,0.097110
652227427,1,32,2000,1000,600,3.3,10000,4,9,9995.387513,0.097064
652227427,1,32,3000,1000,600,3.3,10000,4,9,9995.386347,0.097089
652227427,1,32,4000,1000,600,3.3,10000,4,9,9995.380740,0.097207
652227427,1,32,5000,1000,600,3.3,10000,4,9,9995.385436,0.097108
652227427,1,32,6000,1000,600,3.3,10000,4,9,9995.387535,0.097064
652227427,1,32,8000,1000,600,3.3,10000,4,9,9995.383063,0.097158
861648815,1,27,2000,1000,600,3.3,10000,4,9,24000,20610,749,1,2640,0,9999.728114,0.005721
861648815,1,27,3000,1000,600,3.3,10000,4,9,24000,16690,481,1,6828,0,9999.728200,0.005720
861648815,1,27,4000,1000,600,3.3,10000,4,9,24000,14732,466,0,8802,0,9999.727815,0.005728
861648815,1,27,5000,1000,600,3.3,10000,4,9,24000,11436,288,0,12276,0,9999.728134,0.005721
861648815,1,27,6000,1000,600,3.3,10000,4,9,24000,7976,136,0,15888,0,9999.727865,0.005727
861648815,1,27,8000,1000,600,3.3,10000,4,9,24000,4573,35,0,19392,0,9999.728142,0.005721
716359404,1,27,2000,1000,600,3.3,10000,4,9,24000,20456,908,2,2634,0,9999.728066,0.005723
716359404,1,27,3000,1000,600,3.3,10000,4,9,24000,16752,676,2,6570,0,9999.728266,0.005718
716359404,1,27,4000,1000,600,3.3,10000,4,9,24000,14656,481,1,8862,0,9999.727954,0.005725
716359404,1,27,5000,1000,600,3.3,10000,4,9,24000,11675,325,0,12000,0,9999.728007,0.005724
716359404,1,27,6000,1000,600,3.3,10000,4,9,24000,8138,160,0,15702,0,9999.727793,0.005728
716359404,1,27,8000,1000,600,3.3,10000,4,9,24000,4818,36,0,19146,0,9999.727885,0.005726
518024951,1,27,2000,1000,600,3.3,10000,4,9,23999,20468,870,3,2658,0,9999.727682,0.005731
518024951,1,27,3000,1000,600,3.3,10000,4,9,24000,16717,599,0,6684,0,9999.728246,0.005719
518024951,1,27,4000,1000,600,3.3,10000,4,9,23999,14505,476,0,9018,0,9999.728239,0.005719
518024951,1,27,5000,1000,600,3.3,10000,4,9,24000,11561,319,0,12120,0,9999.728285,0.005718
518024951,1,27,6000,1000,600,3.3,10000,4,9,23999,8069,150,0,15780,0,9999.728122,0.005721
518024951,1,27,8000,1000,600,3.3,10000,4,9,23999,4300,49,0,19650,0,9999.727816,0.005728
652227427,1,27,2000,1000,600,3.3,10000,4,9,24000,20496,826,3,2675,0,9999.728075,0.005722
652227427,1,27,3000,1000,600,3.3,10000,4,9,24000,16823,600,2,6575,0,9999.727762,0.005729
652227427,1,27,4000,1000,600,3.3,10000,4,9,24000,14518,497,4,8981,0,9999.727979,0.005724
652227427,1,27,5000,1000,600,3.3,10000,4,9,24000,11425,369,2,12204,0,9999.728058,0.005723
652227427,1,27,6000,1000,600,3.3,10000,4,9,24000,7997,157,2,15844,0,9999.727753,0.005729
652227427,1,27,8000,1000,600,3.3,10000,4,9,24000,4714,38,0,19248,0,9999.728068,0.005722
2447348191,1,27,2000,1000,600,3.3,10000,4,9,24000,20716,737,3,2544,0,9999.727838,0.005727
2447348191,1,27,3000,1000,600,3.3,10000,4,9,24000,16879,471,2,6648,0,9999.728118,0.005721
2447348191,1,27,4000,1000,600,3.3,10000,4,9,24000,14634,358,2,9006,0,9999.728284,0.005718
2447348191,1,27,5000,1000,600,3.3,10000,4,9,24000,11466,267,3,12264,0,9999.728124,0.005721
2447348191,1,27,6000,1000,600,3.3,10000,4,9,24000,8017,160,1,15822,0,9999.728236,0.005719
2447348191,1,27,8000,1000,600,3.3,10000,4,9,24000,4631,49,0,19320,0,9999.727798,0.005728

861648815,1,10,2000,1000,600,3.3,10000,4,9,24000,21593,1458,330,619,0,9998.317497,0.035406
861648815,1,10,3000,1000,600,3.3,10000,4,9,24000,19970,1374,316,2340,0,9998.311919,0.035524
861648815,1,10,4000,1000,600,3.3,10000,4,9,24000,18001,1253,279,4467,0,9998.316492,0.035427
861648815,1,10,5000,1000,600,3.3,10000,4,9,24000,15880,1044,234,6842,0,9998.320058,0.035352
861648815,1,10,6000,1000,600,3.3,10000,4,9,24000,14305,872,189,8634,0,9998.312365,0.035514
861648815,1,10,8000,1000,600,3.3,10000,4,9,24000,11155,687,114,12044,0,9998.312328,0.035515
716359404,1,10,2000,1000,600,3.3,10000,4,9,23999,21849,1300,255,595,0,9998.383066,0.034026
716359404,1,10,3000,1000,600,3.3,10000,4,9,23999,20128,1229,235,2407,0,9998.381402,0.034061
716359404,1,10,4000,1000,600,3.3,10000,4,9,23999,18157,1114,217,4511,0,9998.379095,0.034110
716359404,1,10,5000,1000,600,3.3,10000,4,9,23999,16220,904,190,6685,0,9998.383804,0.034011
716359404,1,10,6000,1000,600,3.3,10000,4,9,24000,14476,811,148,8565,0,9998.378624,0.034120
716359404,1,10,8000,1000,600,3.3,10000,4,9,23999,10893,508,90,12508,0,9998.381258,0.034064
518024951,1,10,2000,1000,600,3.3,10000,4,9,23999,21872,1304,230,593,0,9998.361439,0.034481
518024951,1,10,3000,1000,600,3.3,10000,4,9,23999,20130,1208,224,2437,0,9998.366986,0.034365
518024951,1,10,4000,1000,600,3.3,10000,4,9,23999,18019,1071,199,4710,0,9998.361405,0.034482
518024951,1,10,5000,1000,600,3.3,10000,4,9,23999,16135,943,160,6761,0,9998.360050,0.034511
518024951,1,10,6000,1000,600,3.3,10000,4,9,23999,14364,771,131,8733,0,9998.360489,0.034502
518024951,1,10,8000,1000,600,3.3,10000,4,9,23999,10832,588,101,12478,0,9998.363658,0.034435
652227427,1,10,2000,1000,600,3.3,10000,4,9,23997,21721,1380,269,627,0,9998.354557,0.034626
652227427,1,10,3000,1000,600,3.3,10000,4,9,23998,19959,1332,248,2459,0,9998.353419,0.034650
652227427,1,10,4000,1000,600,3.3,10000,4,9,23998,18011,1158,231,4598,0,9998.355436,0.034608
652227427,1,10,5000,1000,600,3.3,10000,4,9,23998,16110,986,186,6716,0,9998.353530,0.034648
652227427,1,10,6000,1000,600,3.3,10000,4,9,23999,14079,858,146,8916,0,9998.352943,0.034660
652227427,1,10,8000,1000,600,3.3,10000,4,9,23999,10799,588,92,12520,0,9998.353131,0.034656
2447348191,1,10,2000,1000,600,3.3,10000,4,9,23999,21760,1457,311,471,0,9998.305080,0.035668
2447348191,1,10,3000,1000,600,3.3,10000,4,9,23999,20009,1388,298,2304,0,9998.303998,0.035690
2447348191,1,10,4000,1000,600,3.3,10000,4,9,23999,18204,1326,269,4200,0,9998.300842,0.035757
2447348191,1,10,5000,1000,600,3.3,10000,4,9,24000,16260,1065,222,6453,0,9998.307017,0.035627
2447348191,1,10,6000,1000,600,3.3,10000,4,9,23999,14409,965,185,8440,0,9998.305262,0.035664
2447348191,1,10,8000,1000,600,3.3,10000,4,9,24000,11032,703,107,12158,0,9998.306121,0.035646
861648815,1,1,2000,1000,600,3.3,10000,20,9,9994.985217,0.021106
861648815,1,1,3000,1000,600,3.3,10000,20,9,9994.235179,0.024263
861648815,1,1,4000,1000,600,3.3,10000,20,9,9992.952812,0.029660
861648815,1,1,5000,1000,600,3.3,10000,20,9,9993.020931,0.029373
861648815,1,1,6000,1000,600,3.3,10000,20,9,9992.605747,0.031121
861648815,1,1,8000,1000,600,3.3,10000,20,9,9992.843776,0.030119
716359404,1,1,2000,1000,600,3.3,10000,20,9,9995.081461,0.020701
716359404,1,1,3000,1000,600,3.3,10000,20,9,9994.200766,0.024408
716359404,1,1,4000,1000,600,3.3,10000,20,9,9992.907407,0.029851
716359404,1,1,5000,1000,600,3.3,10000,20,9,9993.082346,0.029115
716359404,1,1,6000,1000,600,3.3,10000,20,9,9992.599624,0.031146
716359404,1,1,8000,1000,600,3.3,10000,20,9,9993.078680,0.029130
518024951,1,1,2000,1000,600,3.3,10000,20,9,9995.001528,0.021037
518024951,1,1,3000,1000,600,3.3,10000,20,9,9994.463326,0.023302
518024951,1,1,4000,1000,600,3.3,10000,20,9,9992.815397,0.030238
518024951,1,1,5000,1000,600,3.3,10000,20,9,9993.055463,0.029228
518024951,1,1,6000,1000,600,3.3,10000,20,9,9992.550467,0.031353
518024951,1,1,8000,1000,600,3.3,10000,20,9,9992.861290,0.030045
652227427,1,1,2000,1000,600,3.3,10000,20,9,9994.969613,0.021172
652227427,1,1,3000,1000,600,3.3,10000,20,9,9994.273684,0.024101
652227427,1,1,4000,1000,600,3.3,10000,20,9,9992.979426,0.029548
652227427,1,1,5000,1000,600,3.3,10000,20,9,9993.059022,0.029213
652227427,1,1,6000,1000,600,3.3,10000,20,9,9992.624370,0.031042
652227427,1,1,8000,1000,600,3.3,10000,20,9,9992.852147,0.030084
861648815,1,1,2000,1000,600,3.3,10000,20,9,9995.122374,0.020529
861648815,1,1,3000,1000,600,3.3,10000,20,9,
861648815,1,1,3000,1000,600,3.3,10000,20,9,9995.091861,0.020657
861648815,1,1,4000,1000,600,3.3,10000,20,9,9994.893889,0.021490
861648815,1,1,5000,1000,600,3.3,10000,20,9,9994.728993,0.022184
861648815,1,1,6000,1000,600,3.3,10000,20,9,9994.796975,0.021898
861648815,1,1,8000,1000,600,3.3,10000,20,9,9994.189009,0.024457
716359404,1,1,2000,1000,600,3.3,10000,20,9,9995.147067,0.020425
716359404,1,1,3000,1000,600,3.3,10000,20,9,9995.118479,0.020545
716359404,1,1,4000,1000,600,3.3,10000,20,9,9994.898826,0.021470
716359404,1,1,5000,1000,600,3.3,10000,20,9,9994.732158,0.022171
716359404,1,1,6000,1000,600,3.3,10000,20,9,9994.828245,0.021767
716359404,1,1,8000,1000,600,3.3,10000,20,9,9994.003355,0.025238
518024951,1,1,2000,1000,600,3.3,10000,20,9,9995.143499,0.020440
518024951,1,1,3000,1000,600,3.3,10000,20,9,9995.109251,0.020584
518024951,1,1,4000,1000,600,3.3,10000,20,9,9994.867196,0.021603
518024951,1,1,5000,1000,600,3.3,10000,20,9,9994.711165,0.022259
518024951,1,1,6000,1000,600,3.3,10000,20,9,9994.857481,0.021644
518024951,1,1,8000,1000,600,3.3,10000,20,9,9994.080844,0.024912
652227427,1,1,2000,1000,600,3.3,10000,20,9,9995.139724,0.020456
652227427,1,1,3000,1000,600,3.3,10000,20,9,9995.106453,0.020596
652227427,1,1,4000,1000,600,3.3,10000,20,9,9994.869770,0.021592
652227427,1,1,5000,1000,600,3.3,10000,20,9,9994.745793,0.022114
652227427,1,1,6000,1000,600,3.3,10000,20,9,9994.823116,0.021788
652227427,1,1,8000,1000,600,3.3,10000,20,9,9994.234389,0.024266
861648815,1,1,2000,1000,600,3.3,10000,20,9,9994.705269,0.022284
861648815,1,1,3000,1000,600,3.3,10000,20,9,9994.495292,0.023168
861648815,1,1,4000,1000,600,3.3,10000,20,9,9992.665861,0.030868
861648815,1,1,5000,1000,600,3.3,10000,20,9,9992.645726,0.030952
861648815,1,1,6000,1000,600,3.3,10000,20,9,9992.012584,0.033617
861648815,1,1,8000,1000,600,3.3,10000,20,9,9992.008607,0.033634
716359404,1,1,2000,1000,600,3.3,10000,20,9,9994.503181,0.023135
716359404,1,1,3000,1000,600,3.3,10000,20,9,9994.496511,0.023163
716359404,1,1,4000,1000,600,3.3,10000,20,9,9992.700299,0.030723
716359404,1,1,5000,1000,600,3.3,10000,20,9,9992.697826,0.030733
716359404,1,1,6000,1000,600,3.3,10000,20,9,9992.049108,0.033463
716359404,1,1,8000,1000,600,3.3,10000,20,9,9992.051539,0.033453
518024951,1,1,2000,1000,600,3.3,10000,20,9,9994.787343,0.021939
518024951,1,1,3000,1000,600,3.3,10000,20,9,9994.508526,0.023112
518024951,1,1,4000,1000,600,3.3,10000,20,9,9992.680120,0.030808
518024951,1,1,5000,1000,600,3.3,10000,20,9,9992.681686,0.030801
518024951,1,1,6000,1000,600,3.3,10000,20,9,9992.032004,0.033535
518024951,1,1,8000,1000,600,3.3,10000,20,9,9992.025132,0.033564
652227427,1,1,2000,1000,600,3.3,10000,20,9,9994.568724,0.022859
652227427,1,1,3000,1000,600,3.3,10000,20,9,9994.515097,0.023085
652227427,1,1,4000,1000,600,3.3,10000,20,9,9992.689751,0.030767
652227427,1,1,5000,1000,600,3.3,10000,20,9,9992.693116,0.030753
652227427,1,1,6000,1000,600,3.3,10000,20,9,9992.034624,0.033524
652227427,1,1,8000,1000,600,3.3,10000,20,9,9992.035707,0.033520
861648815,1,1,2000,1000,600,3.3,10000,20,9,9994.880476,0.021547
861648815,1,1,3000,1000,600,3.3,10000,20,9,9994.875212,0.021569
861648815,1,1,4000,1000,600,3.3,10000,20,9,9994.883478,0.021534
861648815,1,1,5000,1000,600,3.3,10000,20,9,9994.881229,0.021544
861648815,1,1,6000,1000,600,3.3,10000,20,9,9994.879464,0.021551
861648815,1,1,8000,1000,600,3.3,10000,20,9,9994.884653,0.021529
716359404,1,1,2000,1000,600,3.3,10000,20,9,9994.909182,0.021426
716359404,1,1,3000,1000,600,3.3,10000,20,9,9994.908140,0.021430
716359404,1,1,4000,1000,600,3.3,10000,20,9,9994.908328,0.021430
716359404,1,1,5000,1000,600,3.3,10000,20,9,9994.901142,0.021460
716359404,1,1,6000,1000,600,3.3,10000,20,9,9994.911551,0.021416
716359404,1,1,8000,1000,600,3.3,10000,20,9,9994.909742,0.021424
518024951,1,1,2000,1000,600,3.3,10000,20,9,9994.905704,0.021441
518024951,1,1,3000,1000,600,3.3,10000,20,9,9994.904731,0.021445
518024951,1,1,4000,1000,600,3.3,10000,20,9,9994.906804,0.021436
518024951,1,1,5000,1000,600,3.3,10000,20,9,9994.900616,0.021462
518024951,1,1,6000,1000,600,3.3,10000,20,9,9994.904061,0.021448
518024951,1,1,8000,1000,600,3.3,10000,20,9,9994.909299,0.021426
652227427,1,1,2000,1000,600,3.3,10000,20,9,9994.891935,0.021499
652227427,1,1,3000,1000,600,3.3,10000,20,9,9994.885949,0.021524
652227427,1,1,4000,1000,600,3.3,10000,20,9,9994.885604,0.021525
652227427,1,1,5000,1000,600,3.3,10000,20,9,9994.885338,0.021526
652227427,1,1,6000,1000,600,3.3,10000,20,9,9994.891085,0.021502
652227427,1,1,8000,1000,600,3.3,10000,20,9,
652227427,1,1,8000,1000,600,3.3,10000,20,9,9994.884133,0.021531
2314927680,1,4,2000,1000,600,3.3,10000,4,9,24000,23335,659,6,0,0,9999.629148,0.007804
2314927680,1,4,3000,1000,600,3.3,10000,4,9,24000,21842,1181,47,930,0,9999.213492,0.016551
2314927680,1,4,4000,1000,600,3.3,10000,4,9,24000,20231,1896,342,1531,0,9998.055889,0.040911
2314927680,1,4,5000,1000,600,3.3,10000,4,9,23999,16715,4596,804,1884,0,9997.015634,0.062802
2314927680,1,4,6000,1000,600,3.3,10000,4,9,23998,14130,6798,1144,1926,0,9996.438513,0.074947
2314927680,1,4,8000,1000,600,3.3,10000,4,9,23997,10123,7362,1000,5512,0,9995.845344,0.087430
861648815,1,4,2000,1000,600,3.3,10000,4,9,24000,23451,545,4,0,0,9999.619758,0.008002
861648815,1,4,3000,1000,600,3.3,10000,4,9,24000,21904,1231,46,819,0,9999.176205,0.017336
861648815,1,4,4000,1000,600,3.3,10000,4,9,23999,20297,1877,414,1411,0,9997.923287,0.043702
861648815,1,4,5000,1000,600,3.3,10000,4,9,23999,16667,4718,850,1764,0,9996.959244,0.063989
861648815,1,4,6000,1000,600,3.3,10000,4,9,23999,13947,7042,1160,1850,0,9996.404138,0.075671
861648815,1,4,8000,1000,600,3.3,10000,4,9,23999,10564,7069,996,5370,0,9995.844198,0.087454
716359404,1,4,2000,1000,600,3.3,10000,4,9,24000,23268,728,4,0,0,9999.628023,0.007828
716359404,1,4,3000,1000,600,3.3,10000,4,9,24000,22276,857,40,827,0,9999.196177,0.016915
716359404,1,4,4000,1000,600,3.3,10000,4,9,24000,20529,1618,368,1485,0,9998.042477,0.041194
716359404,1,4,5000,1000,600,3.3,10000,4,9,24000,16814,4517,830,1839,0,9997.010006,0.062921
716359404,1,4,6000,1000,600,3.3,10000,4,9,24000,13992,6816,1094,2098,0,9996.456068,0.074578
716359404,1,4,8000,1000,600,3.3,10000,4,9,24000,10171,7335,954,5540,0,9995.865774,0.087000
518024951,1,4,3000,1000,600,3.3,10000,4,9,23999,21929,1193,58,819,0,9999.191100,0.017022
518024951,1,4,4000,1000,600,3.3,10000,4,9,23999,20245,1893,412,1449,0,9998.017354,0.041722
518024951,1,4,5000,1000,600,3.3,10000,4,9,23999,16674,4730,913,1682,0,9996.963073,0.063908
518024951,1,4,6000,1000,600,3.3,10000,4,9,23999,13291,7396,1351,1961,0,9996.375626,0.076271
518024951,1,4,8000,1000,600,3.3,10000,4,9,23999,10007,7408,1204,5380,0,9995.852661,0.087276
652227427,1,4,2000,1000,600,3.3,10000,4,9,24000,23262,724,14,0,0,9999.623496,0.007923
652227427,1,4,3000,1000,600,3.3,10000,4,9,24000,21998,1005,46,951,0,9999.184981,0.017151
652227427,1,4,4000,1000,600,3.3,10000,4,9,23999,20225,1901,356,1517,0,9997.981104,0.042485
652227427,1,4,5000,1000,600,3.3,10000,4,9,23998,16656,4686,829,1827,0,9996.954353,0.064092
652227427,1,4,6000,1000,600,3.3,10000,4,9,23998,13746,7074,1079,2099,0,9996.423811,0.075256
652227427,1,4,8000,1000,600,3.3,10000,4,9,23998,10397,7182,953,5466,0,9995.880697,0.086686
2447348191,1,4,2000,1000,600,3.3,10000,4,9,24000,23471,522,7,0,0,9999.623866,0.007915
2447348191,1,4,3000,1000,600,3.3,10000,4,9,24000,22146,1072,56,726,0,9999.177907,0.017300
2447348191,1,4,4000,1000,600,3.3,10000,4,9,24000,20460,1846,362,1332,0,9997.962808,0.042870
2447348191,1,4,5000,1000,600,3.3,10000,4,9,23999,16213,5108,824,1854,0,9996.869404,0.065880
2447348191,1,4,6000,1000,600,3.3,10000,4,9,23999,13888,7305,1075,1731,0,9996.343274,0.076951
2447348191,1,4,8000,1000,600,3.3,10000,4,9,23998,10297,7444,941,5316,0,9995.793121,0.088529
2314927680,1,10,2000,1000,600,3.3,10000,4,9,24000,22122,1582,296,0,0,9998.292811,0.035926
2314927680,1,10,3000,1000,600,3.3,10000,4,9,24000,21315,1561,293,831,0,9998.299500,0.035785
2314927680,1,10,4000,1000,600,3.3,10000,4,9,24000,19655,1466,285,2594,0,9998.295886,0.035861
2314927680,1,10,5000,1000,600,3.3,10000,4,9,24000,17892,1385,268,4455,0,9998.294611,0.035888
2314927680,1,10,6000,1000,600,3.3,10000,4,9,24000,15544,1174,224,7058,0,9998.297401,0.035829
2314927680,1,10,8000,1000,600,3.3,10000,4,9,24000,11633,837,145,11385,0,9998.295406,0.035871
861648815,1,10,2000,1000,600,3.3,10000,4,9,24000,22160,1508,332,0,0,9998.229272,0.037263
861648815,1,10,3000,1000,600,3.3,10000,4,9,24000,21356,1556,327,761,0,9998.229409,0.037260
861648815,1,10,4000,1000,600,3.3,10000,4,9,24000,19752,1378,313,2557,0,9998.231078,0.037225
861648815,1,10,5000,1000,600,3.3,10000,4,9,24000,17725,1317,283,4675,0,9998.229326,0.037262
861648815,1,10,6000,1000,600,3.3,10000,4,9,24000,15864,1138,247,6751,0,9998.223846,0.037377
861648815,1,10,8000,1000,600,3.3,10000,4,9,24000,11837,835,169,11159,0,9998.231969,0.037206
716359404,1,10,2000,1000,600,3.3,10000,4,9,23999,22399,1342,258,0,0,9998.296773,0.035842
716359404,1,10,3000,1000,600,3.3,10000,4,9,23999,21723,1328,255,693,0,9998.295534,0.035868
716359404,1,10,4000,1000,600,3.3,10000,4,9,23999,19956,1237,239,2567,0,9998.296677,0.035844
716359404,1,10,5000,1000,600,3.3,10000,4,9,23999,18083,1106,222,4588,0,9998.302059,0.035731
716359404,1,10,6000,1000,600,3.3,10000,4,9,23999,15962,977,187,6873,0,9998.302249,0.035727
716359404,1,10,8000,1000,600,3.3,10000,4,9,24000,11903,686,119,11292,0,9998.299465,0.035786
518024951,1,10,2000,1000,600,3.3,10000,4,9,23999,22455,1312,232,0,0,9998.274531,0.036310
518024951,1,10,3000,1000,600,3.3,10000,4,9,23999,21698,1307,230,764,0,9998.275923,0.036281
518024951,1,10,4000,1000,600,3.3,10000,4,9,23999,19869,1231,228,2671,0,9998.272488,0.036353
518024951,1,10,5000,1000,600,3.3,10000,4,9,23999,17925,1165,206,4703,0,9998.274901,0.036303
518024951,1,10,6000,1000,600,3.3,10000,4,9,23999,15844,1041,177,6937,0,9998.277987,0.036238
518024951,1,10,8000,1000,600,3.3,10000,4,9,23999,11747,733,123,11396,0,9998.269895,0.036408
652227427,1,10,2000,1000,600,3.3,10000,4,9,23997,22307,1419,271,0,0,9998.267033,0.036468
652227427,1,10,3000,1000,600,3.3,10000,4,9,23997,21625,1368,266,738,0,9998.265049,0.036510
652227427,1,10,4000,1000,600,3.3,10000,4,9,23997,19871,1312,255,2559,0,9998.268061,0.036447
652227427,1,10,5000,1000,600,3.3,10000,4,9,23997,17919,1234,242,4602,0,9998.263973,0.036533
652227427,1,10,6000,1000,600,3.3,10000,4,9,23997,15645,1119,198,7035,0,9998.262685,0.036560
652227427,1,10,8000,1000,600,3.3,10000,4,9,23998,12135,706,132,11025,0,9998.265721,0.036496
2447348191,1,10,2000,1000,600,3.3,10000,4,9,23999,22164,1519,316,0,0,9998.220584,0.037446
2447348191,1,10,3000,1000,600,3.3,10000,4,9,23999,21553,1480,309,657,0,9998.220127,0.037455
2447348191,1,10,4000,1000,600,3.3,10000,4,9,23999,19830,1410,303,2456,0,9998.223251,0.037389
2447348191,1,10,5000,1000,600,3.3,10000,4,9,23999,17991,1290,280,4438,0,9998.218399,0.037492
2447348191,1,10,6000,1000,600,3.3,10000,4,9,24000,15963,1198,251,6588,0,9998.216489,0.037532
2447348191,1,10,8000,1000,600,3.3,10000,4,9,23999,11879,810,167,11143,0,9998.221905,0.037418