RunSeed,Seed,Algoritmo,Radius,nDevices,appPeriodsSeconds,batteryVoltage,batteryEnergyInit,hours,TxPowerdBm,PHYTotal,PHYSuccessful,PHYInterfered,PHYNoMoreReceivers,PHYUnderSensitivity,PHYLostBecauseTX,batteryEnergyFinalcurrenthora
2314927680,1,1,2000,1000,600,3.3,10000,4,9,24000,22540,700,48,712,0,9999.247633,0.015833
2314927680,1,1,3000,1000,600,3.3,10000,4,9,24000,21431,672,46,1851,0,9999.249138,0.015801
2314927680,1,1,4000,1000,600,3.3,10000,4,9,24000,20050,561,44,3345,0,9999.248790,0.015808
2314927680,1,1,5000,1000,600,3.3,10000,4,9,24000,17543,431,33,5993,0,9999.248455,0.015815
2314927680,1,1,6000,1000,600,3.3,10000,4,9,24000,14911,374,33,8682,0,9999.246968,0.015847
2314927680,1,1,8000,1000,600,3.3,10000,4,9,24000,11467,273,19,12241,0,9999.247606,0.015833
861648815,1,1,2000,1000,600,3.3,10000,4,9,24000,22611,632,62,695,0,9999.245767,0.015872
861648815,1,1,3000,1000,600,3.3,10000,4,9,24000,21548,567,62,1823,0,9999.246791,0.015850
861648815,1,1,4000,1000,600,3.3,10000,4,9,24000,19829,516,57,3598,0,9999.246827,0.015850
861648815,1,1,5000,1000,600,3.3,10000,4,9,24000,17735,423,44,5798,0,9999.244886,0.015890
861648815,1,1,6000,1000,600,3.3,10000,4,9,24000,14992,352,32,8624,0,9999.246564,0.015855
861648815,1,1,8000,1000,600,3.3,10000,4,9,24000,11598,217,31,12154,0,9999.245982,0.015867
716359404,1,1,2000,1000,600,3.3,10000,4,9,24000,22691,643,31,635,0,9999.245374,0.015880
716359404,1,1,3000,1000,600,3.3,10000,4,9,24000,21531,552,31,1886,0,9999.245475,0.015878
716359404,1,1,4000,1000,600,3.3,10000,4,9,24000,20092,445,26,3437,0,9999.248399,0.015817
716359404,1,1,5000,1000,600,3.3,10000,4,9,24000,17872,383,26,5719,0,9999.247626,0.015833
716359404,1,1,6000,1000,600,3.3,10000,4,9,24000,15034,282,20,8664,0,9999.247849,0.015828
716359404,1,1,8000,1000,600,3.3,10000,4,9,24000,11691,179,19,12111,0,9999.247264,0.015840
518024951,1,1,2000,1000,600,3.3,10000,4,9,23999,22609,637,59,694,0,9999.247577,0.015834
518024951,1,1,3000,1000,600,3.3,10000,4,9,23999,21406,552,54,1987,0,9999.248134,0.015822
518024951,1,1,4000,1000,600,3.3,10000,4,9,23999,20127,537,52,3283,0,9999.248158,0.015822
518024951,1,1,5000,1000,600,3.3,10000,4,9,23999,17684,390,48,5877,0,9999.247352,0.015839
518024951,1,1,6000,1000,600,3.3,10000,4,9,24000,14867,298,38,8797,0,9999.248153,0.015822
518024951,1,1,8000,1000,600,3.3,10000,4,9,23999,11429,253,35,12282,0,9999.247920,0.015827
652227427,1,1,2000,1000,600,3.3,10000,4,9,24000,22599,583,62,756,0,9999.245529,0.015877
652227427,1,1,3000,1000,600,3.3,10000,4,9,24000,21445,544,56,1955,0,9999.248345,0.015818
652227427,1,1,4000,1000,600,3.3,10000,4,9,24000,19996,470,54,3480,0,9999.247841,0.015828
652227427,1,1,5000,1000,600,3.3,10000,4,9,24000,17745,399,51,5805,0,9999.246707,0.015852
652227427,1,1,6000,1000,600,3.3,10000,4,9,24000,14896,285,44,8775,0,9999.248947,0.015805
652227427,1,1,8000,1000,600,3.3,10000,4,9,24000,11602,209,29,12160,0,9999.245586,0.015876
2447348191,1,1,2000,1000,600,3.3,10000,4,9,24000,22557,725,60,658,0,9999.247098,0.015844
2447348191,1,1,3000,1000,600,3.3,10000,4,9,24000,21389,657,58,1896,0,9999.248750,0.015809
2447348191,1,1,4000,1000,600,3.3,10000,4,9,24000,19927,605,54,3414,0,9999.248753,0.015809
2447348191,1,1,5000,1000,600,3.3,10000,4,9,24000,17674,492,52,5782,0,9999.246566,0.015855
2447348191,1,1,6000,1000,600,3.3,10000,4,9,24000,14926,411,44,8619,0,9999.246033,0.015866
2447348191,1,1,8000,1000,600,3.3,10000,4,9,24000,11490,289,29,12192,0,9999.248835,0.015807
2314927680,1,3,2000,1000,600,3.3,10000,4,9,24000,22647,601,40,712,0,9999.283682,0.015074
2314927680,1,3,3000,1000,600,3.3,10000,4,9,24000,21442,566,37,1955,0,9999.283345,0.015081
2314927680,1,3,4000,1000,600,3.3,10000,4,9,24000,19869,491,38,3602,0,9999.281870,0.015112
2314927680,1,3,5000,1000,600,3.3,10000,4,9,24000,17813,404,31,5752,0,9999.283324,0.015082
2314927680,1,3,6000,1000,600,3.3,10000,4,9,24000,15154,318,23,8505,0,9999.285175,0.015043
2314927680,1,3,8000,1000,600,3.3,10000,4,9,24000,11190,219,20,12571,0,9999.282722,0.015094
861648815,1,3,2000,1000,600,3.3,10000,4,9,24000,22754,551,53,642,0,9999.284561,0.015056
861648815,1,3,3000,1000,600,3.3,10000,4,9,24000,21548,507,51,1894,0,9999.283333,0.015081
861648815,1,3,4000,1000,600,3.3,10000,4,9,24000,19982,442,42,3534,0,9999.282525,0.015098
861648815,1,3,5000,1000,600,3.3,10000,4,9,24000,17819,357,36,5788,0,9999.283489,0.015078
861648815,1,3,6000,1000,600,3.3,10000,4,9,24000,15122,319,33,8526,0,9999.283135,0.015086
861648815,1,3,8000,1000,600,3.3,10000,4,9,24000,11533,204,20,12243,0,9999.282214,0.015105
716359404,1,3,2000,1000,600,3.3,10000,4,9,24000,22678,634,29,659,0,9999.283292,0.015082
716359404,1,3,3000,1000,600,3.3,10000,4,9,24000,21516,514,29,1941,0,9999.282974,0.015089
716359404,1,3,4000,1000,600,3.3,10000,4,9,24000,20092,489,26,3393,0,9999.283046,0.015087
716359404,1,3,5000,1000,600,3.3,10000,4,9,24000,17910,398,22,5670,0,9999.282941,0.015090
716359404,1,3,6000,1000,600,3.3,10000,4,9,24000,15069,311,22,8598,0,9999.281765,0.015114
716359404,1,3,8000,1000,600,3.3,10000,4,9,24000,11328,204,13,12455,0,9999.284021,0.015067
518024951,1,3,2000,1000,600,3.3,10000,4,9,23999,22646,583,58,712,0,9999.282685,0.015095
518024951,1,3,3000,1000,600,3.3,10000,4,9,23999,21523,552,54,1870,0,9999.282058,0.015108
518024951,1,3,4000,1000,600,3.3,10000,4,9,23999,19887,435,49,3628,0,9999.283184,0.015085
518024951,1,3,5000,1000,600,3.3,10000,4,9,23999,17795,373,49,5782,0,9999.283500,0.015078
518024951,1,3,6000,1000,600,3.3,10000,4,9,23999,14997,293,36,8673,0,9999.284290,0.015061
518024951,1,3,8000,1000,600,3.3,10000,4,9,23999,11240,213,29,12517,0,9999.284046,0.015066
652227427,1,3,2000,1000,600,3.3,10000,4,9,24000,22725,572,55,648,0,9999.283159,0.015085
652227427,1,3,3000,1000,600,3.3,10000,4,9,24000,21527,546,53,1874,0,9999.283798,0.015072
652227427,1,3,4000,1000,600,3.3,10000,4,9,24000,19877,468,43,3612,0,9999.284076,0.015066
652227427,1,3,5000,1000,600,3.3,10000,4,9,24000,17675,393,44,5888,0,9999.283042,0.015088
652227427,1,3,6000,1000,600,3.3,10000,4,9,24000,14977,288,35,8700,0,9999.284673,0.015053
652227427,1,3,8000,1000,600,3.3,10000,4,9,24000,11239,220,26,12515,0,9999.283941,0.015069
2447348191,1,3,2000,1000,600,3.3,10000,4,9,24000,22659,620,51,670,0,9999.284371,0.015060
2447348191,1,3,3000,1000,600,3.3,10000,4,9,24000,21543,612,50,1795,0,9999.282607,0.015097
2447348191,1,3,4000,1000,600,3.3,10000,4,9,24000,19978,507,48,3467,0,9999.283094,0.015086
2447348191,1,3,5000,1000,600,3.3,10000,4,9,24000,17951,477,45,5527,0,9999.282352,0.015102
2447348191,1,3,6000,1000,600,3.3,10000,4,9,24000,15160,398,37,8405,0,9999.281869,0.015112
2447348191,1,3,8000,1000,600,3.3,10000,4,9,24000,11339,279,30,12352,0,9999.284167,0.015064
2314927680,1,7,2000,1000,600,3.3,10000,4,9,23999,19119,4074,734,72,0,9997.250031,0.057870
2314927680,1,7,3000,1000,600,3.3,10000,4,9,23999,18741,4081,730,447,0,9997.251205,0.057845
2314927680,1,7,4000,1000,600,3.3,10000,4,9,23999,18277,4039,716,967,0,9997.247883,0.057915
2314927680,1,7,5000,1000,600,3.3,10000,4,9,23999,17681,3806,686,1826,0,9997.241749,0.058044
2314927680,1,7,6000,1000,600,3.3,10000,4,9,24000,16960,3640,651,2749,0,9997.245682,0.057961
2314927680,1,7,8000,1000,600,3.3,10000,4,9,23999,14823,3091,520,5565,0,9997.246125,0.057952
861648815,1,7,2000,1000,600,3.3,10000,4,9,23999,19206,3979,761,53,0,9997.244199,0.057992
861648815,1,7,3000,1000,600,3.3,10000,4,9,23999,18924,3946,758,371,0,9997.252080,0.057827
861648815,1,7,4000,1000,600,3.3,10000,4,9,23999,18344,3925,735,995,0,9997.246416,0.057946
861648815,1,7,5000,1000,600,3.3,10000,4,9,23999,17604,3661,698,2036,0,9997.249267,0.057886
861648815,1,7,6000,1000,600,3.3,10000,4,9,23999,17098,3586,659,2656,0,9997.247782,0.057917
861648815,1,7,8000,1000,600,3.3,10000,4,9,23999,14877,2975,513,5634,0,9997.248364,0.057905
716359404,1,7,2000,1000,600,3.3,10000,4,9,24000,19224,3928,777,71,0,9997.246454,0.057945
716359404,1,7,3000,1000,600,3.3,10000,4,9,24000,18860,3908,770,462,0,9997.246730,0.057939
716359404,1,7,4000,1000,600,3.3,10000,4,9,24000,18389,3917,754,940,0,9997.249612,0.057879
716359404,1,7,5000,1000,600,3.3,10000,4,9,24000,17860,3654,692,1794,0,9997.246323,0.057948
716359404,1,7,6000,1000,600,3.3,10000,4,9,24000,17195,3533,680,2592,0,9997.243370,0.058010
716359404,1,7,8000,1000,600,3.3,10000,4,9,24000,14893,3020,526,5561,0,9997.249029,0.057891
518024951,1,7,2000,1000,600,3.3,10000,4,9,23999,19057,4090,799,53,0,9997.253950,0.057787
518024951,1,7,3000,1000,600,3.3,10000,4,9,23999,18708,4055,788,448,0,9997.250521,0.057859
518024951,1,7,4000,1000,600,3.3,10000,4,9,23999,18388,3950,779,882,0,9997.245971,0.057955
518024951,1,7,5000,1000,600,3.3,10000,4,9,24000,17683,3784,745,1788,0,9997.241405,0.058051
518024951,1,7,6000,1000,600,3.3,10000,4,9,23999,17051,3621,688,2639,0,9997.241737,0.058044
518024951,1,7,8000,1000,600,3.3,10000,4,9,23999,14758,3047,544,5650,0,9997.244962,0.057976
652227427,1,7,2000,1000,600,3.3,10000,4,9,23998,19236,3975,722,65,0,9997.247707,0.057919
652227427,1,7,3000,1000,600,3.3,10000,4,9,23998,18955,3905,721,417,0,9997.248107,0.057910
652227427,1,7,4000,1000,600,3.3,10000,4,9,23998,18385,3918,697,998,0,9997.247861,0.057915
652227427,1,7,5000,1000,600,3.3,10000,4,9,23998,17714,3677,648,1959,0,9997.249206,0.057887
652227427,1,7,6000,1000,600,3.3,10000,4,9,23998,17065,3586,643,2704,0,9997.246850,0.057937
652227427,1,7,8000,1000,600,3.3,10000,4,9,23999,14900,2961,511,5627,0,9997.245200,0.057971
2447348191,1,7,2000,1000,600,3.3,10000,4,9,23999,19364,3844,701,90,0,9997.247590,0.057921
2447348191,1,7,3000,1000,600,3.3,10000,4,9,23999,19059,3854,696,390,0,9997.251326,0.057842
2447348191,1,7,4000,1000,600,3.3,10000,4,9,23999,18546,3798,681,974,0,9997.251600,0.057837
2447348191,1,7,5000,1000,600,3.3,10000,4,9,23999,17938,3548,643,1870,0,9997.244770,0.057980
2447348191,1,7,6000,1000,600,3.3,10000,4,9,23999,17343,3467,618,2571,0,9997.241900,0.058041
2447348191,1,7,8000,1000,600,3.3,10000,4,9,23999,14928,2901,476,5694,0,9997.248769,0.057896
2314927680,1,4,2000,1000,600,3.3,10000,4,9,24000,22684,609,6,701,0,9999.638680,0.007604
2314927680,1,4,3000,1000,600,3.3,10000,4,9,24000,21592,1169,42,1197,0,9999.236472,0.016068
2314927680,1,4,4000,1000,600,3.3,10000,4,9,24000,20075,1940,336,1649,0,9998.111911,0.039733
2314927680,1,4,5000,1000,600,3.3,10000,4,9,23999,16734,4486,769,2010,0,9997.104789,0.060926
2314927680,1,4,6000,1000,600,3.3,10000,4,9,23998,14166,6389,1037,2406,0,9996.552814,0.072542
2314927680,1,4,8000,1000,600,3.3,10000,4,9,23998,10687,8140,1199,3972,0,9995.978617,0.084625
861648815,1,4,2000,1000,600,3.3,10000,4,9,24000,22775,531,4,690,0,9999.628914,0.007809
861648815,1,4,3000,1000,600,3.3,10000,4,9,24000,21490,1224,43,1243,0,9999.201541,0.016803
861648815,1,4,4000,1000,600,3.3,10000,4,9,23999,20290,1836,403,1470,0,9997.990650,0.042284
861648815,1,4,5000,1000,600,3.3,10000,4,9,23999,16933,4552,788,1726,0,9997.051323,0.062051
861648815,1,4,6000,1000,600,3.3,10000,4,9,24000,14165,6435,1059,2341,0,9996.521503,0.073201
861648815,1,4,8000,1000,600,3.3,10000,4,9,23999,10997,7977,1211,3814,0,9995.976816,0.084663
716359404,1,4,2000,1000,600,3.3,10000,4,9,24000,22590,692,4,714,0,9999.637580,0.007627
716359404,1,4,3000,1000,600,3.3,10000,4,9,24000,21772,834,39,1355,0,9999.220536,0.016403
716359404,1,4,4000,1000,600,3.3,10000,4,9,24000,20437,1597,357,1609,0,9998.105762,0.039862
716359404,1,4,5000,1000,600,3.3,10000,4,9,24000,16939,4362,761,1938,0,9997.107862,0.060861
716359404,1,4,6000,1000,600,3.3,10000,4,9,24000,14142,6358,1002,2498,0,9996.564624,0.072293
716359404,1,4,8000,1000,600,3.3,10000,4,9,24000,10761,8181,1117,3941,0,9995.996395,0.084251
518024951,1,4,2000,1000,600,3.3,10000,4,9,23999,22639,594,10,756,0,9999.637437,0.007630
518024951,1,4,3000,1000,600,3.3,10000,4,9,23999,21426,1150,58,1365,0,9999.215708,0.016504
518024951,1,4,4000,1000,600,3.3,10000,4,9,24000,20164,1868,402,1566,0,9998.073819,0.040534
518024951,1,4,5000,1000,600,3.3,10000,4,9,23999,16649,4623,858,1869,0,9997.062545,0.061815
518024951,1,4,6000,1000,600,3.3,10000,4,9,23999,13408,6911,1241,2439,0,9996.492274,0.073816
518024951,1,4,8000,1000,600,3.3,10000,4,9,23999,10783,7998,1334,3884,0,9995.984826,0.084494
652227427,1,4,2000,1000,600,3.3,10000,4,9,24000,22461,719,10,810,0,9999.632811,0.007727
652227427,1,4,3000,1000,600,3.3,10000,4,9,24000,21605,1007,44,1344,0,9999.208953,0.016647
652227427,1,4,4000,1000,600,3.3,10000,4,9,23999,20212,1881,347,1559,0,9998.047162,0.041095
652227427,1,4,5000,1000,600,3.3,10000,4,9,23998,16555,4542,794,2107,0,9997.054530,0.061984
652227427,1,4,6000,1000,600,3.3,10000,4,9,23998,14069,6581,1008,2340,0,9996.531093,0.072999
652227427,1,4,8000,1000,600,3.3,10000,4,9,23998,10954,8066,1120,3858,0,9996.012838,0.083905
2447348191,1,4,2000,1000,600,3.3,10000,4,9,24000,22734,503,7,756,0,9999.633639,0.007710
2447348191,1,4,3000,1000,600,3.3,10000,4,9,24000,21616,1073,54,1257,0,9999.202367,0.016785
2447348191,1,4,4000,1000,600,3.3,10000,4,9,24000,20407,1832,350,1411,0,9998.025147,0.041558
2447348191,1,4,5000,1000,600,3.3,10000,4,9,23999,16269,4993,769,1968,0,9996.970743,0.063747
2447348191,1,4,6000,1000,600,3.3,10000,4,9,23999,13918,6963,1011,2107,0,9996.456182,0.074575
2447348191,1,4,8000,1000,600,3.3,10000,4,9,23999,10870,8372,1077,3680,0,9995.924360,0.085767
2314927680,1,32,2000,1000,600,3.3,10000,4,9,23998,8612,13378,2008,0,0,9995.294915,0.099013
2314927680,1,32,3000,1000,600,3.3,10000,4,9,23998,8629,13361,2008,0,0,9995.291417,0.099086
2314927680,1,32,4000,1000,600,3.3,10000,4,9,23998,8674,13305,2008,11,0,9995.287344,0.099172
2314927680,1,32,5000,1000,600,3.3,10000,4,9,23998,8620,12680,1881,817,0,9995.286210,0.099196
2314927680,1,32,6000,1000,600,3.3,10000,4,9,23998,8461,12435,1814,1288,0,9995.285734,0.099206
2314927680,1,32,8000,1000,600,3.3,10000,4,9,23997,8182,11176,1555,3084,0,9995.288572,0.099146
861648815,1,32,2000,1000,600,3.3,10000,4,9,23999,8577,13371,2051,0,0,9995.291368,0.099087
861648815,1,32,3000,1000,600,3.3,10000,4,9,23999,8697,13251,2051,0,0,9995.289036,0.099136
861648815,1,32,4000,1000,600,3.3,10000,4,9,23999,8732,13216,2051,0,0,9995.289382,0.099129
861648815,1,32,5000,1000,600,3.3,10000,4,9,23999,8571,12709,1935,784,0,9995.292234,0.099069
861648815,1,32,6000,1000,600,3.3,10000,4,9,23999,8472,12410,1858,1259,0,9995.289181,0.099133
861648815,1,32,8000,1000,600,3.3,10000,4,9,23999,8195,11232,1569,3003,0,9995.288704,0.099143
716359404,1,32,2000,1000,600,3.3,10000,4,9,23999,8643,13243,2113,0,0,9995.289619,0.099124
716359404,1,32,3000,1000,600,3.3,10000,4,9,23999,8733,13153,2113,0,0,9995.289153,0.099134
716359404,1,32,4000,1000,600,3.3,10000,4,9,23999,8701,13182,2110,6,0,9995.291882,0.099077
716359404,1,32,5000,1000,600,3.3,10000,4,9,23999,8580,12648,1950,821,0,9995.288669,0.099144
716359404,1,32,6000,1000,600,3.3,10000,4,9,23999,8493,12276,1885,1345,0,9995.286307,0.099194
716359404,1,32,8000,1000,600,3.3,10000,4,9,23999,8228,11174,1616,2981,0,9995.284776,0.099226
518024951,1,32,2000,1000,600,3.3,10000,4,9,23999,8537,13186,2276,0,0,9995.291919,0.099076
518024951,1,32,3000,1000,600,3.3,10000,4,9,23999,8557,13166,2276,0,0,9995.292619,0.099061
518024951,1,32,4000,1000,600,3.3,10000,4,9,23999,8554,13155,2275,15,0,9995.290116,0.099114
518024951,1,32,5000,1000,600,3.3,10000,4,9,23999,8357,12671,2139,832,0,9995.287150,0.099176
518024951,1,32,6000,1000,600,3.3,10000,4,9,23999,8273,12268,2057,1401,0,9995.284635,0.099229
518024951,1,32,8000,1000,600,3.3,10000,4,9,23999,8074,11057,1760,3108,0,9995.286976,0.099180
652227427,1,32,2000,1000,600,3.3,10000,4,9,23998,8707,13243,2048,0,0,9995.292764,0.099058
652227427,1,32,3000,1000,600,3.3,10000,4,9,23998,8749,13201,2048,0,0,9995.294163,0.099029
652227427,1,32,4000,1000,600,3.3,10000,4,9,23998,8744,13192,2047,15,0,9995.289895,0.099118
652227427,1,32,5000,1000,600,3.3,10000,4,9,23998,8602,12653,1897,846,0,9995.288092,0.099156
652227427,1,32,6000,1000,600,3.3,10000,4,9,23998,8528,12166,1818,1486,0,9995.288741,0.099143
652227427,1,32,8000,1000,600,3.3,10000,4,9,23999,8249,11108,1570,3072,0,9995.289745,0.099122
2447348191,1,32,2000,1000,600,3.3,10000,4,9,23997,8741,13395,1861,0,0,9995.292354,0.099067
2447348191,1,32,3000,1000,600,3.3,10000,4,9,23997,8750,13386,1861,0,0,9995.291382,0.099087
2447348191,1,32,4000,1000,600,3.3,10000,4,9,23997,8770,13366,1861,0,0,9995.294160,0.099029
2447348191,1,32,5000,1000,600,3.3,10000,4,9,23997,8660,12698,1732,907,0,9995.288667,0.099144
2447348191,1,32,6000,1000,600,3.3,10000,4,9,23997,8582,12509,1686,1220,0,9995.288303,0.099152
2447348191,1,32,8000,1000,600,3.3,10000,4,9,23997,8307,11139,1473,3078,0,9995.287877,0.099161
2314927680,1,27,2000,1000,600,3.3,10000,4,9,24000,22060,968,0,972,0,9999.723869,0.005811
2314927680,1,27,3000,1000,600,3.3,10000,4,9,24000,20157,860,1,2982,0,9999.723824,0.005812
2314927680,1,27,4000,1000,600,3.3,10000,4,9,24000,18838,763,1,4398,0,9999.724044,0.005807
2314927680,1,27,5000,1000,600,3.3,10000,4,9,24000,16058,670,0,7272,0,9999.724044,0.005807
2314927680,1,27,6000,1000,600,3.3,10000,4,9,24000,12419,415,0,11166,0,9999.724085,0.005806
2314927680,1,27,8000,1000,600,3.3,10000,4,9,24000,8546,232,0,15222,0,9999.724085,0.005806
861648815,1,27,2000,1000,600,3.3,10000,4,9,24000,22062,875,1,1062,0,9999.723857,0.005811
861648815,1,27,3000,1000,600,3.3,10000,4,9,24000,20086,703,2,3209,0,9999.724015,0.005808
861648815,1,27,4000,1000,600,3.3,10000,4,9,24000,19060,661,1,4278,0,9999.723963,0.005809
861648815,1,27,5000,1000,600,3.3,10000,4,9,24000,16293,470,1,7236,0,9999.723992,0.005808
861648815,1,27,6000,1000,600,3.3,10000,4,9,24000,12740,316,0,10944,0,9999.724020,0.005808
861648815,1,27,8000,1000,600,3.3,10000,4,9,24000,8865,177,0,14958,0,9999.724112,0.005806
716359404,1,27,2000,1000,600,3.3,10000,4,9,24000,22017,1063,2,918,0,9999.723816,0.005812
716359404,1,27,3000,1000,600,3.3,10000,4,9,24000,19998,893,1,3108,0,9999.723927,0.005810
716359404,1,27,4000,1000,600,3.3,10000,4,9,24000,18915,794,1,4290,0,9999.723931,0.005810
716359404,1,27,5000,1000,600,3.3,10000,4,9,24000,16211,636,1,7152,0,9999.723946,0.005809
716359404,1,27,6000,1000,600,3.3,10000,4,9,24000,12513,386,1,11100,0,9999.723862,0.005811
716359404,1,27,8000,1000,600,3.3,10000,4,9,24000,8754,221,1,15024,0,9999.723964,0.005809
518024951,1,27,2000,1000,600,3.3,10000,4,9,23999,21806,1074,3,1116,0,9999.723856,0.005811
518024951,1,27,3000,1000,600,3.3,10000,4,9,23999,20013,947,3,3036,0,9999.723836,0.005812
518024951,1,27,4000,1000,600,3.3,10000,4,9,23999,18750,842,3,4404,0,9999.723960,0.005809
518024951,1,27,5000,1000,600,3.3,10000,4,9,23999,16213,634,0,7152,0,9999.723872,0.005811
518024951,1,27,6000,1000,600,3.3,10000,4,9,23999,12429,457,2,11111,0,9999.723854,0.005811
518024951,1,27,8000,1000,600,3.3,10000,4,9,23999,8561,258,0,15180,0,9999.723956,0.005809
652227427,1,27,2000,1000,600,3.3,10000,4,9,24000,21912,1003,6,1079,0,9999.723772,0.005813
652227427,1,27,3000,1000,600,3.3,10000,4,9,24000,20087,791,5,3117,0,9999.723853,0.005811
652227427,1,27,4000,1000,600,3.3,10000,4,9,24000,18946,780,4,4270,0,9999.723799,0.005812
652227427,1,27,5000,1000,600,3.3,10000,4,9,24000,16033,639,4,7324,0,9999.724027,0.005808
652227427,1,27,6000,1000,600,3.3,10000,4,9,24000,12345,410,2,11243,0,9999.724027,0.005808
652227427,1,27,8000,1000,600,3.3,10000,4,9,24000,8753,217,1,15029,0,9999.723986,0.005808
2447348191,1,27,2000,1000,600,3.3,10000,4,9,24000,22091,868,3,1038,0,9999.723696,0.005814
2447348191,1,27,3000,1000,600,3.3,10000,4,9,24000,20345,723,4,2928,0,9999.723995,0.005808
2447348191,1,27,4000,1000,600,3.3,10000,4,9,24000,18986,690,4,4320,0,9999.723925,0.005810
2447348191,1,27,5000,1000,600,3.3,10000,4,9,24000,16253,479,3,7265,0,9999.724075,0.005806
2447348191,1,27,6000,1000,600,3.3,10000,4,9,24000,12605,395,2,10998,0,9999.723829,0.005812
2447348191,1,27,8000,1000,600,3.3,10000,4,9,24000,8730,216,0,15054,0,9999.723872,0.005811
2314927680,1,6,2000,1000,600,3.3,10000,4,9,24000,21224,2329,394,53,0,9997.978809,0.042533
2314927680,1,6,3000,1000,600,3.3,10000,4,9,24000,20762,2325,388,525,0,9997.978716,0.042535
2314927680,1,6,4000,1000,600,3.3,10000,4,9,24000,19945,2213,379,1463,0,9997.980340,0.042501
2314927680,1,6,5000,1000,600,3.3,10000,4,9,24000,19455,2148,355,2042,0,9997.972980,0.042656
2314927680,1,6,6000,1000,600,3.3,10000,4,9,24000,18482,2003,338,3177,0,9997.974641,0.042621
2314927680,1,6,8000,1000,600,3.3,10000,4,9,24000,15746,1614,241,6399,0,9997.976997,0.042572
861648815,1,6,2000,1000,600,3.3,10000,4,9,23999,21522,1991,427,59,0,9997.976971,0.042572
861648815,1,6,3000,1000,600,3.3,10000,4,9,23999,21061,1968,427,543,0,9997.972350,0.042669
861648815,1,6,4000,1000,600,3.3,10000,4,9,23999,20323,1897,410,1369,0,9997.978719,0.042535
861648815,1,6,5000,1000,600,3.3,10000,4,9,24000,19650,1772,373,2205,0,9997.978329,0.042544
861648815,1,6,6000,1000,600,3.3,10000,4,9,23999,18683,1700,363,3253,0,9997.976806,0.042576
861648815,1,6,8000,1000,600,3.3,10000,4,9,24000,15853,1360,295,6492,0,9997.979840,0.042512
716359404,1,6,2000,1000,600,3.3,10000,4,9,24000,21476,2014,435,75,0,9997.979751,0.042514
716359404,1,6,3000,1000,600,3.3,10000,4,9,24000,21055,1960,428,557,0,9997.978041,0.042550
716359404,1,6,4000,1000,600,3.3,10000,4,9,24000,20295,1911,409,1385,0,9997.977912,0.042552
716359404,1,6,5000,1000,600,3.3,10000,4,9,24000,19545,1770,362,2323,0,9997.979038,0.042529
716359404,1,6,6000,1000,600,3.3,10000,4,9,24000,18724,1749,361,3166,0,9997.980003,0.042508
716359404,1,6,8000,1000,600,3.3,10000,4,9,24000,15974,1401,260,6365,0,9997.979250,0.042524
518024951,1,6,2000,1000,600,3.3,10000,4,9,23999,21359,2134,446,60,0,9997.975083,0.042612
518024951,1,6,3000,1000,600,3.3,10000,4,9,23999,20913,2058,443,585,0,9997.978951,0.042530
518024951,1,6,4000,1000,600,3.3,10000,4,9,23999,20143,2028,425,1403,0,9997.976799,0.042576
518024951,1,6,5000,1000,600,3.3,10000,4,9,23999,19451,1866,397,2285,0,9997.978190,0.042547
518024951,1,6,6000,1000,600,3.3,10000,4,9,23999,18497,1741,388,3373,0,9997.978543,0.042539
518024951,1,6,8000,1000,600,3.3,10000,4,9,23999,15911,1388,268,6432,0,9997.976153,0.042589
652227427,1,6,2000,1000,600,3.3,10000,4,9,23999,21354,2156,387,102,0,9997.979874,0.042511
652227427,1,6,3000,1000,600,3.3,10000,4,9,23999,20873,2086,379,661,0,9997.977258,0.042566
652227427,1,6,4000,1000,600,3.3,10000,4,9,23999,20216,2060,371,1352,0,9997.978987,0.042530
652227427,1,6,5000,1000,600,3.3,10000,4,9,23999,19372,1974,360,2293,0,9997.979528,0.042518
652227427,1,6,6000,1000,600,3.3,10000,4,9,23999,18638,1824,326,3211,0,9997.978443,0.042541
652227427,1,6,8000,1000,600,3.3,10000,4,9,24000,15767,1524,254,6455,0,9997.976677,0.042578
2447348191,1,6,2000,1000,600,3.3,10000,4,9,24000,21497,2017,397,89,0,9997.979181,0.042526
2447348191,1,6,3000,1000,600,3.3,10000,4,9,24000,20999,2026,393,582,0,9997.979394,0.042521
2447348191,1,6,4000,1000,600,3.3,10000,4,9,24000,20332,2006,370,1292,0,9997.974344,0.042627
2447348191,1,6,5000,1000,600,3.3,10000,4,9,24000,19628,1845,353,2174,0,9997.979065,0.042528
2447348191,1,6,6000,1000,600,3.3,10000,4,9,24000,18707,1783,320,3190,0,9997.977326,0.042565
2447348191,1,6,8000,1000,600,3.3,10000,4,9,24000,15955,1512,250,6283,0,9997.974835,0.042617
2314927680,1,5,2000,1000,600,3.3,10000,4,9,24000,21720,1770,278,232,0,9998.340234,0.034928
2314927680,1,5,3000,1000,600,3.3,10000,4,9,24000,21148,1683,272,897,0,9998.340278,0.034927
2314927680,1,5,4000,1000,600,3.3,10000,4,9,24000,20457,1608,262,1673,0,9998.338640,0.034961
2314927680,1,5,5000,1000,600,3.3,10000,4,9,24000,19280,1569,242,2909,0,9998.342576,0.034878
2314927680,1,5,6000,1000,600,3.3,10000,4,9,24000,17645,1443,228,4684,0,9998.340497,0.034922
2314927680,1,5,8000,1000,600,3.3,10000,4,9,24000,14650,1146,181,8023,0,9998.340290,0.034927
861648815,1,5,2000,1000,600,3.3,10000,4,9,23999,22063,1393,287,256,0,9998.340509,0.034922
861648815,1,5,3000,1000,600,3.3,10000,4,9,23999,21371,1361,280,987,0,9998.342631,0.034877
861648815,1,5,4000,1000,600,3.3,10000,4,9,23999,20519,1353,271,1856,0,9998.345576,0.034815
861648815,1,5,5000,1000,600,3.3,10000,4,9,23999,19692,1209,252,2846,0,9998.342508,0.034880
861648815,1,5,6000,1000,600,3.3,10000,4,9,23999,17900,1111,237,4751,0,9998.343022,0.034869
861648815,1,5,8000,1000,600,3.3,10000,4,9,24000,14917,923,176,7984,0,9998.341494,0.034901
716359404,1,5,2000,1000,600,3.3,10000,4,9,24000,22374,1113,270,243,0,9998.343716,0.034854
716359404,1,5,3000,1000,600,3.3,10000,4,9,24000,21652,1123,265,960,0,9998.339594,0.034941
716359404,1,5,4000,1000,600,3.3,10000,4,9,24000,21008,1056,250,1686,0,9998.339815,0.034937
716359404,1,5,5000,1000,600,3.3,10000,4,9,24000,19943,983,231,2843,0,9998.341059,0.034910
716359404,1,5,6000,1000,600,3.3,10000,4,9,24000,18022,904,219,4855,0,9998.341551,0.034900
716359404,1,5,8000,1000,600,3.3,10000,4,9,24000,15068,687,161,8084,0,9998.337404,0.034987
518024951,1,5,2000,1000,600,3.3,10000,4,9,23999,22006,1502,299,192,0,9998.339939,0.034934
518024951,1,5,3000,1000,600,3.3,10000,4,9,23999,21298,1449,289,963,0,9998.343105,0.034867
518024951,1,5,4000,1000,600,3.3,10000,4,9,23999,20540,1367,281,1811,0,9998.339827,0.034936
518024951,1,5,5000,1000,600,3.3,10000,4,9,23999,19534,1287,270,2908,0,9998.340315,0.034926
518024951,1,5,6000,1000,600,3.3,10000,4,9,23999,17630,1166,231,4972,0,9998.339823,0.034936
518024951,1,5,8000,1000,600,3.3,10000,4,9,23999,14781,953,180,8085,0,9998.340827,0.034915
652227427,1,5,2000,1000,600,3.3,10000,4,9,23999,22134,1395,268,202,0,9998.340919,0.034913
652227427,1,5,3000,1000,600,3.3,10000,4,9,23999,21283,1384,266,1066,0,9998.344380,0.034840
652227427,1,5,4000,1000,600,3.3,10000,4,9,23999,20635,1309,245,1810,0,9998.340526,0.034922
652227427,1,5,5000,1000,600,3.3,10000,4,9,23999,19639,1180,226,2954,0,9998.340289,0.034927
652227427,1,5,6000,1000,600,3.3,10000,4,9,23999,17652,1182,209,4956,0,9998.340579,0.034920
652227427,1,5,8000,1000,600,3.3,10000,4,9,24000,14720,980,165,8135,0,9998.345349,0.034820
2447348191,1,5,2000,1000,600,3.3,10000,4,9,24000,22037,1475,261,227,0,9998.338612,0.034962
2447348191,1,5,3000,1000,600,3.3,10000,4,9,24000,21350,1435,254,961,0,9998.343622,0.034856
2447348191,1,5,4000,1000,600,3.3,10000,4,9,24000,20740,1434,234,1592,0,9998.339087,0.034952
2447348191,1,5,5000,1000,600,3.3,10000,4,9,24000,19664,1355,239,2742,0,9998.341560,0.034900
2447348191,1,5,6000,1000,600,3.3,10000,4,9,24000,17636,1223,205,4936,0,9998.340783,0.034916
2447348191,1,5,8000,1000,600,3.3,10000,4,9,24000,14808,1030,176,7986,0,9998.340980,0.034912
2314927680,1,2,2000,1000,600,3.3,10000,4,9,24000,22535,666,15,784,0,9999.474484,0.011059
2314927680,1,2,3000,1000,600,3.3,10000,4,9,24000,21239,544,15,2202,0,9999.474869,0.011051
2314927680,1,2,4000,1000,600,3.3,10000,4,9,24000,19797,541,15,3647,0,9999.474429,0.011060
2314927680,1,2,5000,1000,600,3.3,10000,4,9,24000,17289,467,12,6232,0,9999.474476,0.011059
2314927680,1,2,6000,1000,600,3.3,10000,4,9,24000,14467,288,7,9238,0,9999.474543,0.011058
2314927680,1,2,8000,1000,600,3.3,10000,4,9,24000,10824,190,3,12983,0,9999.474821,0.011052
861648815,1,2,2000,1000,600,3.3,10000,4,9,24000,22704,548,22,726,0,9999.475026,0.011047
861648815,1,2,3000,1000,600,3.3,10000,4,9,24000,21350,458,18,2174,0,9999.475274,0.011042
861648815,1,2,4000,1000,600,3.3,10000,4,9,24000,19745,424,19,3812,0,9999.475129,0.011045
861648815,1,2,5000,1000,600,3.3,10000,4,9,24000,17475,349,16,6160,0,9999.474487,0.011059
861648815,1,2,6000,1000,600,3.3,10000,4,9,24000,14600,237,11,9152,0,9999.474122,0.011066
861648815,1,2,8000,1000,600,3.3,10000,4,9,24000,10961,145,12,12882,0,9999.475540,0.011037
716359404,1,2,2000,1000,600,3.3,10000,4,9,24000,22704,605,14,677,0,9999.473396,0.011082
716359404,1,2,3000,1000,600,3.3,10000,4,9,24000,21347,577,12,2064,0,9999.475353,0.011041
716359404,1,2,4000,1000,600,3.3,10000,4,9,24000,19753,462,13,3772,0,9999.475381,0.011040
716359404,1,2,5000,1000,600,3.3,10000,4,9,24000,17598,386,12,6004,0,9999.475357,0.011040
716359404,1,2,6000,1000,600,3.3,10000,4,9,24000,14470,219,9,9302,0,9999.475577,0.011036
716359404,1,2,8000,1000,600,3.3,10000,4,9,24000,11051,141,6,12802,0,9999.474645,0.011055
518024951,1,2,2000,1000,600,3.3,10000,4,9,23999,22511,615,22,851,0,9999.474000,0.011069
518024951,1,2,3000,1000,600,3.3,10000,4,9,24000,21352,532,23,2093,0,9999.474224,0.011064
518024951,1,2,4000,1000,600,3.3,10000,4,9,23999,19726,434,20,3819,0,9999.474504,0.011058
518024951,1,2,5000,1000,600,3.3,10000,4,9,23999,17473,356,13,6157,0,9999.474953,0.011049
518024951,1,2,6000,1000,600,3.3,10000,4,9,23999,14576,234,16,9173,0,9999.475927,0.011028
518024951,1,2,8000,1000,600,3.3,10000,4,9,24000,10744,141,8,13107,0,9999.474256,0.011064
652227427,1,2,2000,1000,600,3.3,10000,4,9,24000,22603,539,27,831,0,9999.474677,0.011055
652227427,1,2,3000,1000,600,3.3,10000,4,9,24000,21256,475,22,2247,0,9999.475481,0.011038
652227427,1,2,4000,1000,600,3.3,10000,4,9,24000,19719,414,25,3842,0,9999.473481,0.011080
652227427,1,2,5000,1000,600,3.3,10000,4,9,24000,17474,382,19,6125,0,9999.474986,0.011048
652227427,1,2,6000,1000,600,3.3,10000,4,9,24000,14350,235,18,9397,0,9999.475320,0.011041
652227427,1,2,8000,1000,600,3.3,10000,4,9,24000,10921,154,12,12913,0,9999.474304,0.011063
2447348191,1,2,2000,1000,600,3.3,10000,4,9,24000,22603,657,26,714,0,9999.474788,0.011052
2447348191,1,2,3000,1000,600,3.3,10000,4,9,24000,21391,584,28,1997,0,9999.474903,0.011050
2447348191,1,2,4000,1000,600,3.3,10000,4,9,24000,19715,566,18,3701,0,9999.475608,0.011035
2447348191,1,2,5000,1000,600,3.3,10000,4,9,24000,17430,423,19,6128,0,9999.475004,0.011048
2447348191,1,2,6000,1000,600,3.3,10000,4,9,24000,14490,348,15,9147,0,9999.475264,0.011042
2447348191,1,2,8000,1000,600,3.3,10000,4,9,24000,10985,252,13,12750,0,9999.474063,0.011068
861648815,1,27,2000,1000,600,3.3,10000,4,9,9999.734006,0.005598
861648815,1,27,3000,1000,600,3.3,10000,4,9,9999.734031,0.005597
861648815,1,27,4000,1000,600,3.3,10000,4,9,9999.734302,0.005591
861648815,1,27,5000,1000,600,3.3,10000,4,9,9999.734303,0.005591
861648815,1,27,6000,1000,600,3.3,10000,4,9,9999.734296,0.005591
861648815,1,27,8000,1000,600,3.3,10000,4,9,9999.734234,0.005593
716359404,1,27,2000,1000,600,3.3,10000,4,9,9999.734015,0.005597
716359404,1,27,3000,1000,600,3.3,10000,4,9,9999.734211,0.005593
716359404,1,27,4000,1000,600,3.3,10000,4,9,9999.734097,0.005596
716359404,1,27,5000,1000,600,3.3,10000,4,9,9999.734181,0.005594
716359404,1,27,6000,1000,600,3.3,10000,4,9,9999.734120,0.005595
716359404,1,27,8000,1000,600,3.3,10000,4,9,9999.734202,0.005593
518024951,1,27,2000,1000,600,3.3,10000,4,9,9999.734084,0.005596
518024951,1,27,3000,1000,600,3.3,10000,4,9,9999.733998,0.005598
518024951,1,27,4000,1000,600,3.3,10000,4,9,9999.734298,0.005591
518024951,1,27,5000,1000,600,3.3,10000,4,9,9999.734123,0.005595
518024951,1,27,6000,1000,600,3.3,10000,4,9,9999.734112,0.005595
518024951,1,27,8000,1000,600,3.3,10000,4,9,9999.734143,0.005595
652227427,1,27,2000,1000,600,3.3,10000,4,9,9999.733909,0.005600
652227427,1,27,3000,1000,600,3.3,10000,4,9,9999.734096,0.005596
652227427,1,27,4000,1000,600,3.3,10000,4,9,9999.734367,0.005590
652227427,1,27,5000,1000,600,3.3,10000,4,9,9999.734253,0.005592
652227427,1,27,6000,1000,600,3.3,10000,4,9,9999.734171,0.005594
652227427,1,27,8000,1000,600,3.3,10000,4,9,9999.734273,0.005592
861648815,1,32,2000,1000,600,3.3,10000,4,9,9995.525267,0.094165
861648815,1,32,3000,1000,600,3.3,10000,4,9,9995.522002,0.094234
861648815,1,32,4000,1000,600,3.3,10000,4,9,9995.525379,0.094163
861648815,1,32,5000,1000,600,3.3,10000,4,9,9995.521569,0.094243
861648815,1,32,6000,1000,600,3.3,10000,4,9,9995.519885,0.094279
861648815,1,32,8000,1000,600,3.3,10000,4,9,9995.525604,0.094158
716359404,1,32,2000,1000,600,3.3,10000,4,9,9995.525033,0.094170
716359404,1,32,3000,1000,600,3.3,10000,4,9,9995.525033,0.094170
716359404,1,32,4000,1000,600,3.3,10000,4,9,9995.523625,0.094200
716359404,1,32,5000,1000,600,3.3,10000,4,9,9995.520362,0.094268
716359404,1,32,6000,1000,600,3.3,10000,4,9,9995.519156,0.094294
716359404,1,32,8000,1000,600,3.3,10000,4,9,9995.520524,0.094265
518024951,1,32,2000,1000,600,3.3,10000,4,9,9995.521839,0.094237
518024951,1,32,3000,1000,600,3.3,10000,4,9,9995.526970,0.094129
518024951,1,32,4000,1000,600,3.3,10000,4,9,9995.526869,0.094132
518024951,1,32,5000,1000,600,3.3,10000,4,9,9995.519655,0.094283
518024951,1,32,6000,1000,600,3.3,10000,4,9,9995.518326,0.094311
518024951,1,32,8000,1000,600,3.3,10000,4,9,9995.517169,0.094336
652227427,1,32,2000,1000,600,3.3,10000,4,9,9995.523938,0.094193
652227427,1,32,3000,1000,600,3.3,10000,4,9,9995.526270,0.094144
652227427,1,32,4000,1000,600,3.3,10000,4,9,9995.525621,0.094158
652227427,1,32,5000,1000,600,3.3,10000,4,9,9995.523312,0.094206
652227427,1,32,6000,1000,600,3.3,10000,4,9,9995.524752,0.094176
652227427,1,32,8000,1000,600,3.3,10000,4,9,9995.519236,0.094292
861648815,1,10,2000,1000,600,3.3,10000,4,9,24000,21863,1477,332,328,0,9998.364796,0.034411
861648815,1,10,3000,1000,600,3.3,10000,4,9,24000,20858,1416,320,1406,0,9998.365675,0.034392
861648815,1,10,4000,1000,600,3.3,10000,4,9,24000,19848,1349,297,2506,0,9998.366827,0.034368
861648815,1,10,5000,1000,600,3.3,10000,4,9,24000,18620,1206,264,3910,0,9998.364874,0.034409
861648815,1,10,6000,1000,600,3.3,10000,4,9,24000,16896,1155,237,5712,0,9998.365991,0.034386
861648815,1,10,8000,1000,600,3.3,10000,4,9,24000,13929,907,181,8983,0,9998.365273,0.034401
716359404,1,10,2000,1000,600,3.3,10000,4,9,23999,22080,1306,257,356,0,9998.430387,0.033031
716359404,1,10,3000,1000,600,3.3,10000,4,9,23999,21062,1245,239,1453,0,9998.429015,0.033059
716359404,1,10,4000,1000,600,3.3,10000,4,9,23999,20065,1200,234,2500,0,9998.427207,0.033097
716359404,1,10,5000,1000,600,3.3,10000,4,9,23999,18940,1106,207,3746,0,9998.429913,0.033041
716359404,1,10,6000,1000,600,3.3,10000,4,9,23999,17243,964,175,5617,0,9998.431105,0.033015
716359404,1,10,8000,1000,600,3.3,10000,4,9,23999,13899,813,131,9156,0,9998.429068,0.033058
518024951,1,10,2000,1000,600,3.3,10000,4,9,23999,22071,1362,232,334,0,9998.411456,0.033429
518024951,1,10,3000,1000,600,3.3,10000,4,9,23999,21088,1293,229,1389,0,9998.410144,0.033457
518024951,1,10,4000,1000,600,3.3,10000,4,9,23999,20039,1198,205,2557,0,9998.410343,0.033452
518024951,1,10,5000,1000,600,3.3,10000,4,9,23999,18592,1037,175,4195,0,9998.411587,0.033426
518024951,1,10,6000,1000,600,3.3,10000,4,9,23999,17108,956,168,5767,0,9998.409896,0.033462
518024951,1,10,8000,1000,600,3.3,10000,4,9,23999,13906,827,147,9119,0,9998.408912,0.033482
652227427,1,10,2000,1000,600,3.3,10000,4,9,23997,21905,1400,271,421,0,9998.403202,0.033603
652227427,1,10,3000,1000,600,3.3,10000,4,9,23997,20885,1409,263,1440,0,9998.403315,0.033600
652227427,1,10,4000,1000,600,3.3,10000,4,9,23997,19882,1277,246,2592,0,9998.402555,0.033616
652227427,1,10,5000,1000,600,3.3,10000,4,9,23998,18722,1161,220,3895,0,9998.402180,0.033624
652227427,1,10,6000,1000,600,3.3,10000,4,9,23998,17106,1052,196,5644,0,9998.400082,0.033668
652227427,1,10,8000,1000,600,3.3,10000,4,9,23998,13844,919,159,9076,0,9998.402827,0.033611
2447348191,1,10,2000,1000,600,3.3,10000,4,9,23999,21852,1499,313,335,0,9998.357411,0.034566
2447348191,1,10,3000,1000,600,3.3,10000,4,9,23999,20788,1461,306,1444,0,9998.355813,0.034600
2447348191,1,10,4000,1000,600,3.3,10000,4,9,23999,19859,1408,286,2446,0,9998.356307,0.034589
2447348191,1,10,5000,1000,600,3.3,10000,4,9,24000,18716,1241,254,3789,0,9998.353943,0.034639
2447348191,1,10,6000,1000,600,3.3,10000,4,9,23999,17139,1149,218,5493,0,9998.356522,0.034585
2447348191,1,10,8000,1000,600,3.3,10000,4,9,23999,14011,953,192,8843,0,9998.356399,0.034588
861648815,1,1,2000,1000,600,3.3,10000,20,9,
861648815,1,1,2000,1000,600,3.3,10000,20,9,
861648815,1,1,2000,1000,600,3.3,10000,1,9,
861648815,1,1,2000,1000,600,3.3,10000,1,9,
861648815,1,1,2000,1000,600,3.3,10000,20,9,9995.179578,0.020288
861648815,1,1,3000,1000,600,3.3,10000,20,9,9995.207583,0.020170
861648815,1,1,4000,1000,600,3.3,10000,20,9,9994.998724,0.021049
861648815,1,1,5000,1000,600,3.3,10000,20,9,9994.800872,0.021882
861648815,1,1,6000,1000,600,3.3,10000,20,9,9994.582913,0.022799
861648815,1,1,8000,1000,600,3.3,10000,20,9,9993.252453,0.028399
716359404,1,1,2000,1000,600,3.3,10000,20,9,9995.293428,0.019809
716359404,1,1,3000,1000,600,3.3,10000,20,9,9995.179231,0.020289
716359404,1,1,4000,1000,600,3.3,10000,20,9,9995.030094,0.020917
716359404,1,1,5000,1000,600,3.3,10000,20,9,9994.626131,0.022617
716359404,1,1,6000,1000,600,3.3,10000,20,9,9994.370861,0.023692
716359404,1,1,8000,1000,600,3.3,10000,20,9,9993.285633,0.028259
518024951,1,1,2000,1000,600,3.3,10000,20,9,9995.275269,0.019885
518024951,1,1,3000,1000,600,3.3,10000,20,9,9995.207982,0.020168
518024951,1,1,4000,1000,600,3.3,10000,20,9,9994.987190,0.021098
518024951,1,1,5000,1000,600,3.3,10000,20,9,9994.818279,0.021809
518024951,1,1,6000,1000,600,3.3,10000,20,9,9994.813699,0.021828
518024951,1,1,8000,1000,600,3.3,10000,20,9,9993.269522,0.028327
652227427,1,1,2000,1000,600,3.3,10000,20,9,9995.122505,0.020528
652227427,1,1,3000,1000,600,3.3,10000,20,9,9995.204586,0.020183
652227427,1,1,4000,1000,600,3.3,10000,20,9,9994.979625,0.021130
652227427,1,1,5000,1000,600,3.3,10000,20,9,9994.742710,0.022127
652227427,1,1,6000,1000,600,3.3,10000,20,9,9994.592172,0.022760
652227427,1,1,8000,1000,600,3.3,10000,20,9,9993.266763,0.028339
861648815,1,1,2000,1000,600,3.3,10000,20,9,9995.257862,0.019958
861648815,1,1,3000,1000,600,3.3,10000,20,9,9995.260741,0.019946
861648815,1,1,4000,1000,600,3.3,10000,20,9,9995.260207,0.019949
861648815,1,1,5000,1000,600,3.3,10000,20,9,9995.263057,0.019937
861648815,1,1,6000,1000,600,3.3,10000,20,9,9994.935849,0.021314
861648815,1,1,8000,1000,600,3.3,10000,20,9,9993.253326,0.028395
716359404,1,1,2000,1000,600,3.3,10000,20,9,9995.292500,0.019813
716359404,1,1,3000,1000,600,3.3,10000,20,9,9995.272036,0.019899
716359404,1,1,4000,1000,600,3.3,10000,20,9,9995.277905,0.019874
716359404,1,1,5000,1000,600,3.3,10000,20,9,9995.290411,0.019822
716359404,1,1,6000,1000,600,3.3,10000,20,9,9994.967478,0.021181
716359404,1,1,8000,1000,600,3.3,10000,20,9,9993.283492,0.028268
518024951,1,1,2000,1000,600,3.3,10000,20,9,9995.273752,0.019892
518024951,1,1,3000,1000,600,3.3,10000,20,9,9995.265398,0.019927
518024951,1,1,4000,1000,600,3.3,10000,20,9,9995.279805,0.019866
518024951,1,1,5000,1000,600,3.3,10000,20,9,9995.273309,0.019893
518024951,1,1,6000,1000,600,3.3,10000,20,9,9994.949679,0.021256
518024951,1,1,8000,1000,600,3.3,10000,20,9,9993.271004,0.028321
652227427,1,1,2000,1000,600,3.3,10000,20,9,9995.275810,0.019883
652227427,1,1,3000,1000,600,3.3,10000,20,9,9995.261969,0.019941
652227427,1,1,4000,1000,600,3.3,10000,20,9,9995.272525,0.019897
652227427,1,1,5000,1000,600,3.3,10000,20,9,9995.273664,0.019892
652227427,1,1,6000,1000,600,3.3,10000,20,9,9994.953325,0.021240
652227427,1,1,8000,1000,600,3.3,10000,20,9,
861648815,1,1,2000,1000,600,3.3,10000,20,9,
861648815,1,1,2000,1000,600,3.3,10000,20,9,9994.961024,0.021208
861648815,1,1,3000,1000,600,3.3,10000,20,9,9994.750846,0.022092
861648815,1,1,4000,1000,600,3.3,10000,20,9,9993.010052,0.029419
861648815,1,1,5000,1000,600,3.3,10000,20,9,9993.008678,0.029425
861648815,1,1,6000,1000,600,3.3,10000,20,9,9992.385071,0.032049
861648815,1,1,8000,1000,600,3.3,10000,20,9,9992.374110,0.032095
716359404,1,1,2000,1000,600,3.3,10000,20,9,9994.737598,0.022148
716359404,1,1,3000,1000,600,3.3,10000,20,9,9994.754987,0.022075
716359404,1,1,4000,1000,600,3.3,10000,20,9,9993.035498,0.029312
716359404,1,1,5000,1000,600,3.3,10000,20,9,9993.039053,0.029297
716359404,1,1,6000,1000,600,3.3,10000,20,9,9992.410006,0.031944
716359404,1,1,8000,1000,600,3.3,10000,20,9,9993.010208,0.029418
518024951,1,1,2000,1000,600,3.3,10000,20,9,9994.984342,0.021110
518024951,1,1,3000,1000,600,3.3,10000,20,9,9994.750099,0.022096
518024951,1,1,4000,1000,600,3.3,10000,20,9,9993.016623,0.029391
518024951,1,1,5000,1000,600,3.3,10000,20,9,9993.020620,0.029374
518024951,1,1,6000,1000,600,3.3,10000,20,9,9992.402365,0.031977
518024951,1,1,8000,1000,600,3.3,10000,20,9,9992.443316,0.031804
652227427,1,1,2000,1000,600,3.3,10000,20,9,9994.776787,0.021983
652227427,1,1,3000,1000,600,3.3,10000,20,9,9994.756744,0.022068
652227427,1,1,4000,1000,600,3.3,10000,20,9,9993.024653,0.029358
652227427,1,1,5000,1000,600,3.3,10000,20,9,9993.028633,0.029341
652227427,1,1,6000,1000,600,3.3,10000,20,9,9992.400116,0.031986
652227427,1,1,8000,1000,600,3.3,10000,20,9,9992.650014,0.030934
861648815,1,1,2000,1000,600,3.3,10000,20,9,9995.094341,0.020647
861648815,1,1,3000,1000,600,3.3,10000,20,9,9995.104525,0.020604
861648815,1,1,4000,1000,600,3.3,10000,20,9,9995.108973,0.020585
861648815,1,1,5000,1000,600,3.3,10000,20,9,9995.114609,0.020561
861648815,1,1,6000,1000,600,3.3,10000,20,9,9995.099640,0.020624
861648815,1,1,8000,1000,600,3.3,10000,20,9,9995.101493,0.020617
716359404,1,1,2000,1000,600,3.3,10000,20,9,9995.135508,0.020473
716359404,1,1,3000,1000,600,3.3,10000,20,9,9995.134215,0.020479
716359404,1,1,4000,1000,600,3.3,10000,20,9,9995.133907,0.020480
716359404,1,1,5000,1000,600,3.3,10000,20,9,9995.133679,0.020481
716359404,1,1,6000,1000,600,3.3,10000,20,9,9995.133483,0.020482
716359404,1,1,8000,1000,600,3.3,10000,20,9,9995.128184,0.020504
518024951,1,1,2000,1000,600,3.3,10000,20,9,9995.114768,0.020561
518024951,1,1,3000,1000,600,3.3,10000,20,9,9995.117668,0.020549
518024951,1,1,4000,1000,600,3.3,10000,20,9,9995.115463,0.020558
518024951,1,1,5000,1000,600,3.3,10000,20,9,9995.116387,0.020554
518024951,1,1,6000,1000,600,3.3,10000,20,9,9995.109063,0.020585
518024951,1,1,8000,1000,600,3.3,10000,20,9,9995.114926,0.020560
652227427,1,1,2000,1000,600,3.3,10000,20,9,9995.115632,0.020557
652227427,1,1,3000,1000,600,3.3,10000,20,9,9995.113338,0.020567
652227427,1,1,4000,1000,600,3.3,10000,20,9,9995.115146,0.020559
652227427,1,1,5000,1000,600,3.3,10000,20,9,9995.112386,0.020571
652227427,1,1,6000,1000,600,3.3,10000,20,9,9995.112700,0.020569
652227427,1,1,8000,1000,600,3.3,10000,20,9,9995.114027,0.020564
2314927680,1,4,2000,1000,600,3.3,10000,4,9,
2314927680,1,4,2000,1000,600,3.3,10000,4,9,24000,23345,649,6,0,0,9999.643508,0.007502
2314927680,1,4,3000,1000,600,3.3,10000,4,9,24000,22255,1255,46,444,0,9999.248248,0.015820
2314927680,1,4,4000,1000,600,3.3,10000,4,9,24000,20944,2020,347,689,0,9998.139063,0.039161
2314927680,1,4,5000,1000,600,3.3,10000,4,9,23999,17339,4782,815,1063,0,9997.155389,0.059861
2314927680,1,4,6000,1000,600,3.3,10000,4,9,23998,14647,6973,1167,1211,0,9996.605513,0.071433
2314927680,1,4,8000,1000,600,3.3,10000,4,9,23998,10926,8809,1274,2989,0,9996.043301,0.083264
861648815,1,4,2000,1000,600,3.3,10000,4,9,24000,23436,560,4,0,0,9999.634449,0.007693
861648815,1,4,3000,1000,600,3.3,10000,4,9,24000,22164,1318,46,472,0,9999.213369,0.016554
861648815,1,4,4000,1000,600,3.3,10000,4,9,23999,20939,1931,415,714,0,9998.018643,0.041695
861648815,1,4,5000,1000,600,3.3,10000,4,9,23999,17256,4884,860,999,0,9997.100919,0.061008
861648815,1,4,6000,1000,600,3.3,10000,4,9,23999,14416,7192,1174,1217,0,9996.577172,0.072029
861648815,1,4,8000,1000,600,3.3,10000,4,9,23999,11134,8596,1278,2991,0,9996.045054,0.083227
716359404,1,4,2000,1000,600,3.3,10000,4,9,24000,23250,746,4,0,0,9999.642595,0.007521
716359404,1,4,3000,1000,600,3.3,10000,4,9,24000,22604,900,40,456,0,9999.232520,0.016151
716359404,1,4,4000,1000,600,3.3,10000,4,9,24000,21211,1691,370,728,0,9998.136219,0.039221
716359404,1,4,5000,1000,600,3.3,10000,4,9,24000,17630,4590,835,945,0,9997.149475,0.059986
716359404,1,4,6000,1000,600,3.3,10000,4,9,24000,14590,7027,1115,1268,0,9996.615823,0.071216
716359404,1,4,8000,1000,600,3.3,10000,4,9,24000,10925,8645,1172,3258,0,9996.060991,0.082892
518024951,1,4,2000,1000,600,3.3,10000,4,9,23999,23320,669,10,0,0,9999.642853,0.007516
518024951,1,4,3000,1000,600,3.3,10000,4,9,23999,22260,1250,58,431,0,9999.227749,0.016251
518024951,1,4,4000,1000,600,3.3,10000,4,9,23999,20942,1996,416,645,0,9998.105409,0.039869
518024951,1,4,5000,1000,600,3.3,10000,4,9,23999,17132,4923,919,1025,0,9997.104467,0.060933
518024951,1,4,6000,1000,600,3.3,10000,4,9,23999,13829,7517,1374,1279,0,9996.552164,0.072555
518024951,1,4,8000,1000,600,3.3,10000,4,9,23999,10785,8771,1483,2960,0,9996.048975,0.083144
652227427,1,4,2000,1000,600,3.3,10000,4,9,24000,23221,765,14,0,0,9999.638101,0.007616
652227427,1,4,3000,1000,600,3.3,10000,4,9,24000,22477,1035,46,442,0,9999.220688,0.016400
652227427,1,4,4000,1000,600,3.3,10000,4,9,23999,20908,1979,363,749,0,9998.078187,0.040442
652227427,1,4,5000,1000,600,3.3,10000,4,9,23998,17136,4874,836,1152,0,9997.104929,0.060923
652227427,1,4,6000,1000,600,3.3,10000,4,9,23998,14299,7237,1104,1358,0,9996.589611,0.071767
652227427,1,4,8000,1000,600,3.3,10000,4,9,23998,10981,8780,1195,3042,0,9996.078938,0.082514
2447348191,1,4,2000,1000,600,3.3,10000,4,9,24000,23455,538,7,0,0,9999.638532,0.007607
2447348191,1,4,3000,1000,600,3.3,10000,4,9,24000,22468,1160,56,316,0,9999.214486,0.016530
2447348191,1,4,4000,1000,600,3.3,10000,4,9,24000,21033,1927,366,674,0,9998.057149,0.040885
2447348191,1,4,5000,1000,600,3.3,10000,4,9,23999,16875,5320,837,967,0,9997.016383,0.062787
2447348191,1,4,6000,1000,600,3.3,10000,4,9,23999,14212,7542,1091,1154,0,9996.519463,0.073244
2447348191,1,4,8000,1000,600,3.3,10000,4,9,23998,10743,9149,1148,2958,0,9995.995127,0.084278
2314927680,1,10,2000,1000,600,3.3,10000,4,9,24000,22117,1587,296,0,0,9998.380891,0.034072
2314927680,1,10,3000,1000,600,3.3,10000,4,9,24000,21775,1540,295,390,0,9998.378158,0.034130
2314927680,1,10,4000,1000,600,3.3,10000,4,9,24000,20800,1528,291,1381,0,9998.377557,0.034142
2314927680,1,10,5000,1000,600,3.3,10000,4,9,24000,19822,1476,284,2418,0,9998.373094,0.034236
2314927680,1,10,6000,1000,600,3.3,10000,4,9,24000,17940,1342,245,4473,0,9998.375255,0.034191
2314927680,1,10,8000,1000,600,3.3,10000,4,9,24000,14290,1144,193,8373,0,9998.375419,0.034187
861648815,1,10,2000,1000,600,3.3,10000,4,9,24000,22152,1516,332,0,0,9998.308674,0.035592
861648815,1,10,3000,1000,600,3.3,10000,4,9,24000,21795,1476,331,398,0,9998.306794,0.035631
861648815,1,10,4000,1000,600,3.3,10000,4,9,24000,20952,1458,323,1267,0,9998.309042,0.035584
861648815,1,10,5000,1000,600,3.3,10000,4,9,24000,19665,1412,310,2613,0,9998.313238,0.035496
861648815,1,10,6000,1000,600,3.3,10000,4,9,24000,17773,1313,288,4626,0,9998.313989,0.035480
861648815,1,10,8000,1000,600,3.3,10000,4,9,24000,14463,1037,224,8276,0,9998.310023,0.035563
716359404,1,10,2000,1000,600,3.3,10000,4,9,23999,22407,1334,258,0,0,9998.377640,0.034141
716359404,1,10,3000,1000,600,3.3,10000,4,9,23999,22122,1302,255,320,0,9998.377596,0.034142
716359404,1,10,4000,1000,600,3.3,10000,4,9,23999,21193,1271,247,1288,0,9998.375486,0.034186
716359404,1,10,5000,1000,600,3.3,10000,4,9,23999,19998,1192,243,2566,0,9998.376155,0.034172
716359404,1,10,6000,1000,600,3.3,10000,4,9,23999,18373,1158,207,4261,0,9998.377343,0.034147
716359404,1,10,8000,1000,600,3.3,10000,4,9,23999,14393,918,169,8519,0,9998.376127,0.034172
518024951,1,10,2000,1000,600,3.3,10000,4,9,23999,22407,1360,232,0,0,9998.358076,0.034552
518024951,1,10,3000,1000,600,3.3,10000,4,9,23999,22109,1336,232,322,0,9998.354065,0.034637
518024951,1,10,4000,1000,600,3.3,10000,4,9,23999,21222,1301,230,1246,0,9998.353369,0.034651
518024951,1,10,5000,1000,600,3.3,10000,4,9,23999,19631,1239,211,2918,0,9998.354972,0.034618
518024951,1,10,6000,1000,600,3.3,10000,4,9,23999,18161,1141,195,4502,0,9998.355851,0.034599
518024951,1,10,8000,1000,600,3.3,10000,4,9,23999,14308,954,165,8572,0,9998.355235,0.034612
652227427,1,10,2000,1000,600,3.3,10000,4,9,23997,22304,1422,271,0,0,9998.346799,0.034790
652227427,1,10,3000,1000,600,3.3,10000,4,9,23997,21933,1418,271,375,0,9998.347578,0.034773
652227427,1,10,4000,1000,600,3.3,10000,4,9,23997,21061,1373,264,1299,0,9998.345331,0.034820
652227427,1,10,5000,1000,600,3.3,10000,4,9,23997,19810,1342,256,2589,0,9998.348361,0.034757
652227427,1,10,6000,1000,600,3.3,10000,4,9,23997,17934,1245,236,4582,0,9998.347693,0.034771
652227427,1,10,8000,1000,600,3.3,10000,4,9,23999,14360,1070,185,8384,0,9998.348663,0.034750
2447348191,1,10,2000,1000,600,3.3,10000,4,9,23999,22181,1502,316,0,0,9998.303174,0.035708
2447348191,1,10,3000,1000,600,3.3,10000,4,9,23999,21836,1524,313,326,0,9998.299773,0.035779
2447348191,1,10,4000,1000,600,3.3,10000,4,9,23999,20968,1466,309,1256,0,9998.301947,0.035733
2447348191,1,10,5000,1000,600,3.3,10000,4,9,23999,19804,1411,299,2485,0,9998.300379,0.035766
2447348191,1,10,6000,1000,600,3.3,10000,4,9,24000,18023,1359,270,4348,0,9998.304054,0.035689
2447348191,1,10,8000,1000,600,3.3,10000,4,9,24000,14551,1109,210,8130,0,9998.300895,0.035756
2447348191,1,10,8000,1000,600,3.3,10000,1,9,5999,3649,288,44,2018,0,9999.575192,0.035758
2447348191,1,10,8000,1000,600,3.3,10000,1,9,6000,3212,209,22,2557,0,9999.675837,0.027286
2447348191,1,10,8000,1000,600,3.3,10000,1,9,5999,3641,285,35,2038,0,9999.575606,0.035723
2447348191,1,10,8000,1000,600,3.3,10000,1,9,
2447348191,1,6,7000,500,600,3.3,10000,1,9,
2447348191,1,6,7000,500,600,3.3,10000,1,9,3000,1719,32,3,1246,0,9999.753791,0.020725
2447348191,1,6,6000,400,600,3.3,10000,4,9,9600,5203,378,32,3987,0,9998.390210,0.033876
2447348191,1,6,6000,500,600,3.3,10000,5,9,15000,8749,460,27,5764,0,9998.112245,0.031780