RunSeed,Seed,packetSize,N,d,P_0,sigma,Algoritmo,Radius,nDevices,appPeriodsSeconds,batteryVoltage,batteryEnergyInit,hours,TxPowerdBm,PHYTotal,PHYSuccessful,PHYInterfered,PHYNoMoreReceivers,PHYUnderSensitivity,PHYLostBecauseTX,batteryEnergyFinal
861648815,1,23,3.78,41,79,0,2,4000,5,600,3.3,10000,1,3,3,3,0,0,0,0,18,6,0,0,12,0,9999.84
861648815,1,23,3.78,41,79,0,2,4000,5,600,3.3,10000,1,3,9999.53
861648815,1,23,3.78,41,79,0,2,4000,5,600,3.3,10000,4,3,9997.52
861648815,1,23,3.78,41,79,0,2,4000,5,600,3.3,10000,1,3,9999.53
861648815,1,23,3.78,41,79,0,2,4000,5,600,3.3,10000,1,3,9999.53
861648815,1,23,3.78,41,79,0,2,4000,5,600,3.3,10000,1,3,9999.53
861648815,1,23,3.78,41,79,0,2,4000,5,600,3.3,10000,1,3,9999.53
861648815,1,23,3.78,41,79,0,2,4000,5,1200,3.3,10000,1,3,9999.82
861648815,1,23,3.78,41,79,0,2,4000,5,1800,3.3,10000,1,3,9999.82
861648815,1,23,3.78,41,79,0,2,4000,5,1800,3.3,10000,1,3,9999.82
861648815,1,23,3.78,41,79,0,2,4000,5,2400,3.3,10000,1,3,9999.84
861648815,1,23,3.78,41,79,0,2,4000,5,2400,3.3,10000,1,3,9999.87
861648815,1,23,3.78,41,79,0,2,4000,5,2400,3.3,10000,1,3,9999.87
861648815,1,23,3.78,41,79,0,2,4000,5,3600,3.3,10000,1,3,2,2,0,0,0,0,5,3,0,0,2,0,9999.96
861648815,1,23,3.78,41,79,0,2,4000,5,1800,3.3,10000,1,3,5,5,0,0,0,0,10,6,0,0,4,0,9999.93
861648815,1,23,3.78,41,79,0,2,4000,5,1800,3.3,10000,1,3,0,0,0,0,0,0,5,1,0,0,4,0,9999.93
861648815,1,23,3.78,41,79,0,2,4000,5,1800,3.3,10000,1,3,5,1,0,0,4,0,15,3,0,0,12,0,9999.93
4276470015,1,23,3.78,41,79,0,9,4000,1000,600,3.3,10000,6,3,9996.95
4276470015,1,23,3.78,41,79,0,9,4000,1000,600,3.3,10000,8,3,
4276470015,1,23,3.78,41,79,0,9,4000,1000,600,3.3,10000,8,3,9996.68
4276470015,1,23,3.78,41,79,0,9,4000,1000,600,3.3,10000,12,3,9994.32
4276470015,1,23,3.78,41,79,0,9,4000,1000,600,3.3,10000,12,3,9994.9
4276470015,1,23,3.78,41,79,0,9,4000,1000,600,3.3,10000,12,3,9994.9
4276470015,1,23,3.78,41,79,0,9,4000,1000,600,3.3,10000,12,3,9995.03
4276470015,1,23,3.78,41,79,0,9,4000,1000,600,3.3,10000,12,3,9996.72
4276470015,1,23,3.78,41,79,0,9,4000,1000,600,3.3,10000,12,3,9996.38
4276470015,1,23,3.78,41,79,0,9,4000,1000,600,3.3,10000,12,3,9996.38
4276470015,1,23,3.78,41,79,0,9,4000,1000,600,3.3,10000,1,3,9999.45
4276470015,1,23,3.78,41,79,0,9,4000,1000,600,3.3,10000,1,3,9999.45
4276470015,1,23,3.78,41,79,0,9,4000,1000,600,3.3,10000,6,3,9997.82
4276470015,1,23,3.78,41,79,0,9,4000,1000,600,3.3,10000,6,3,9997.82
4276470015,1,23,3.78,41,79,0,9,4000,1000,600,3.3,10000,8,3,9996.78
4276470015,1,23,3.78,41,79,0,9,4000,1000,600,3.3,10000,12,3,9995.5
4276470015,1,23,3.78,41,79,0,9,4000,1000,600,3.3,10000,12,3,
4276470015,1,23,3.78,41,79,0,9,4000,1000,600,3.3,10000,2,3,9999.1
4276470015,1,23,3.78,41,79,0,9,4000,1000,600,3.3,10000,12,3,9996.1
4276470015,1,23,3.78,41,79,0,9,4000,1000,600,3.3,10000,2,3,9998.99
4276470015,1,23,3.78,41,79,0,9,4000,1000,600,3.3,10000,2,3,9999.15
4276470015,1,23,3.78,41,79,0,9,4000,1000,600,3.3,10000,2,3,9999.15
4276470015,1,23,3.78,41,79,0,9,4000,1000,600,3.3,10000,2,3,12000,6103,1098,159,4640,0,9998.99
4276470015,1,23,3.78,41,79,0,9,4000,1000,600,3.3,10000,18,3,9992
4276470015,1,23,3.78,41,79,0,9,4000,1000,600,3.3,10000,6,6,9996.13
4276470015,1,23,3.78,41,79,0,9,4000,1000,600,3.3,10000,6,6,36000,21330,5703,811,8156,0,9996.13
4276470015,1,23,3.78,41,79,0,9,4000,1000,600,3.3,10000,6,3,36000,18740,4554,593,12113,0,9996.34
4276470015,1,23,3.78,41,79,0,9,2000,1000,600,3.3,10000,18,3,107999,85039,10722,1728,10510,0,9993.14
4276470015,1,23,3.78,41,79,0,9,3000,1000,600,3.3,10000,18,3,
4276470015,1,23,3.78,41,79,0,9,4000,1000,600,3.3,10000,10,3,60000,12594,6687,648,40071,0,9993.05
4276470015,1,23,3.78,41,79,0,9,4000,1000,600,3.3,10000,12,3,71999,18138,10134,948,42779,0,9990.42
2447348191,1,23,3.78,41,79,0,9,2000,1000,600,3.3,10000,14,3,9995.4
2447348191,1,23,3.78,41,79,0,9,3000,1000,600,3.3,10000,14,3,
4276470015,1,23,3.78,41,79,0,9,2000,1000,600,3.3,10000,9,3,9997.21
4276470015,1,23,3.78,41,79,0,9,3000,1000,600,3.3,10000,9,3,9997.17
4276470015,1,23,3.78,41,79,0,9,4000,1000,600,3.3,10000,8,3,9997.43
4276470015,1,23,3.78,41,79,0,9,5000,1000,600,3.3,10000,8,3,9997.37
4276470015,1,23,3.78,41,79,0,9,6000,1000,600,3.3,10000,8,3,9997.27
4276470015,1,23,3.78,41,79,0,9,8000,1000,600,3.3,10000,8,3,9996.32
2447348191,1,23,3.78,41,79,0,9,2000,1000,600,3.3,10000,8,3,9997.45
2447348191,1,23,3.78,41,79,0,9,3000,1000,600,3.3,10000,8,3,9997.44
2447348191,1,23,3.78,41,79,0,9,4000,1000,600,3.3,10000,8,3,9997.54
2447348191,1,23,3.78,41,79,0,9,5000,1000,600,3.3,10000,8,3,9997.35
2447348191,1,23,3.78,41,79,0,9,6000,1000,600,3.3,10000,8,3,9997.22
2447348191,1,23,3.78,41,79,0,9,8000,1000,600,3.3,10000,8,3,9996.27
4276470015,1,23,3.78,41,79,0,9,4000,1000,600,3.3,10000,1,3,9999.56
4276470015,1,23,3.78,41,79,0,9,2000,1000,600,3.3,10000,9,3,9996.18
4276470015,1,23,3.78,41,79,0,9,3000,1000,600,3.3,10000,9,3,
4276470015,1,23,3.78,41,79,0,9,4000,1000,600,3.3,10000,8,3,
4276470015,1,23,3.78,41,79,0,9,5000,1000,600,3.3,10000,8,3,9995.119995.469995.62
4276470015,1,23,3.78,41,79,0,9,6000,1000,600,3.3,10000,8,3,
4276470015,1,23,3.78,41,79,0,9,8000,1000,600,3.3,10000,9,3,9995.549994.36
4276470015,1,23,3.78,41,79,0,9,4000,1000,600,3.3,10000,1,3,9999.47
4276470015,1,23,3.78,41,79,0,9,4000,1000,600,3.3,10000,1,3,9999.57
4276470015,1,23,3.78,41,79,0,9,4000,1000,600,3.3,10000,1,3,9999.57
4276470015,1,23,3.78,41,79,0,9,4000,500,600,3.3,10000,1,3,9999.57
4276470015,1,23,3.78,41,79,0,9,4000,500,600,3.3,10000,1,3,9999.57
4276470015,1,23,3.78,41,79,0,9,4000,500,600,3.3,10000,1,3,9999.48
4276470015,1,23,3.78,41,79,0,9,4000,1000,600,3.3,10000,2,3,9998.82
4276470015,1,23,3.78,41,79,0,9,4000,1000,600,3.3,10000,2,3,9998.82
4276470015,1,23,3.78,41,79,0,9,4000,1000,600,3.3,10000,2,3,9998.82
4276470015,1,23,3.78,41,79,0,9,4000,1000,600,3.3,10000,2,3,9998.82
4276470015,1,23,3.78,41,79,0,9,4000,1000,600,3.3,10000,2,3,9999.12
4276470015,1,23,3.78,41,79,0,9,4000,1000,600,3.3,10000,2,3,9998.83
4276470015,1,23,3.78,41,79,0,9,4000,100,600,3.3,10000,4,3,9997.77
4276470015,1,23,3.78,41,79,0,9,4000,100,600,3.3,10000,4,3,9997.77
4276470015,1,23,3.78,41,79,0,9,4000,100,600,3.3,10000,4,3,9997.77
4276470015,1,23,3.78,41,79,0,9,4000,100,600,3.3,10000,4,3,9997.77
4276470015,1,23,3.78,41,79,0,9,4000,100,600,3.3,10000,4,3,9997.77
4276470015,1,23,3.78,41,79,0,9,4000,100,600,3.3,10000,4,3,9997.77
4276470015,1,23,3.78,41,79,0,9,4000,100,600,3.3,10000,4,3,9997.77
4276470015,1,23,3.78,41,79,0,9,4000,100,600,3.3,10000,4,3,9997.77
4276470015,1,23,3.78,41,79,0,9,4000,10,600,3.3,10000,2,3,9998.7
4276470015,1,23,3.78,41,79,0,9,4000,10,600,3.3,10000,2,3,9998.7
4276470015,1,23,3.78,41,79,0,9,4000,10,600,3.3,10000,2,3,9998.7
4276470015,1,23,3.78,41,79,0,9,4000,5,600,3.3,10000,2,3,9998.7
4276470015,1,23,3.78,41,79,0,9,4000,5,600,3.3,10000,2,3,9998.7
4276470015,1,23,3.78,41,79,0,9,4000,5,600,3.3,10000,2,3,9998.7
4276470015,1,23,3.78,41,79,0,9,4000,5,600,3.3,10000,2,3,9998.7
4276470015,1,23,3.78,41,79,0,9,4000,5,600,3.3,10000,2,3,9998.7
4276470015,1,23,3.78,41,79,0,9,4000,5,600,3.3,10000,1,3,9999.49
4276470015,1,23,3.78,41,79,0,9,4000,5,600,3.3,10000,1,3,9999.49
4276470015,1,23,3.78,41,79,0,9,4000,5,600,3.3,10000,1,3,9999.49
4276470015,1,23,3.78,41,79,0,9,4000,5,600,3.3,10000,1,3,9999.49
4276470015,1,23,3.78,41,79,0,9,4000,5,600,3.3,10000,1,3,9999.49
4276470015,1,23,3.78,41,79,0,9,4000,5,600,3.3,10000,1,3,9999.49
4276470015,1,23,3.78,41,79,0,9,4000,5,600,3.3,10000,1,3,9999.49
4276470015,1,23,3.78,41,79,0,9,4000,5,600,3.3,10000,1,3,9999.49
4276470015,1,23,3.78,41,79,0,9,4000,5,600,3.3,10000,1,3,9999.49
4276470015,1,23,3.78,41,79,0,9,4000,5,600,3.3,10000,1,3,9999.49
4276470015,1,23,3.78,41,79,0,9,4000,5,600,3.3,10000,1,3,9999.49
4276470015,1,23,3.78,41,79,0,9,4000,5,600,3.3,10000,1,3,9999.49
4276470015,1,23,3.78,41,79,0,9,4000,5,600,3.3,10000,1,3,9999.49
4276470015,1,23,3.78,41,79,0,9,4000,5,600,3.3,10000,1,3,9999.49
4276470015,1,23,3.78,41,79,0,9,4000,3,600,3.3,10000,1,3,9999.48
4276470015,1,23,3.78,41,79,0,9,4000,5,600,3.3,10000,1,3,9999.57
4276470015,1,23,3.78,41,79,0,9,4000,5,600,3.3,10000,1,3,9999.57
4276470015,1,23,3.78,41,79,0,9,4000,5,600,3.3,10000,1,3,9999.57
4276470015,1,23,3.78,41,79,0,9,4000,5,600,3.3,10000,1,3,9999.57
4276470015,1,23,3.78,41,79,0,9,4000,5,600,3.3,10000,1,3,9999.57
4276470015,1,23,3.78,41,79,0,9,4000,5,600,3.3,10000,1,3,9999.57
4276470015,1,23,3.78,41,79,0,9,4000,500,600,3.3,10000,1,3,9999.53
4276470015,1,23,3.78,41,79,0,9,4000,200,600,3.3,10000,1,3,9999.53
4276470015,1,23,3.78,41,79,0,9,4000,200,600,3.3,10000,1,3,9999.53
4276470015,1,23,3.78,41,79,0,9,4000,1000,600,3.3,10000,4,3,
4276470015,1,23,3.78,41,79,0,9,4000,1000,600,3.3,10000,4,3,9998.4
4276470015,1,23,3.78,41,79,0,9,4000,1000,600,3.3,10000,4,3,9998.4
4276470015,1,23,3.78,41,79,0,9,4000,5,600,3.3,10000,1,3,9999.57
4276470015,1,23,3.78,41,79,0,9,4000,5,600,3.3,10000,1,3,9999.57
4276470015,1,23,3.78,41,79,0,9,4000,5,600,3.3,10000,1,3,9999.57
4276470015,1,23,3.78,41,79,0,9,4000,5,600,3.3,10000,1,3,9999.57
4276470015,1,23,3.78,41,79,0,9,4000,5,600,3.3,10000,1,3,
4276470015,1,23,3.78,41,79,0,9,4000,5,600,3.3,10000,1,3,
4276470015,1,23,3.78,41,79,0,9,4000,5,600,3.3,10000,1,3,9999.57
4276470015,1,23,3.78,41,79,0,9,4000,5,600,3.3,10000,1,3,
4276470015,1,23,3.78,41,79,0,9,4000,5,600,3.3,10000,1,3,30,30,0,0,0,0,9999.57
4276470015,1,23,3.78,41,79,0,9,4000,5,600,3.3,10000,1,3,30,30,0,0,0,0,9999.57
4276470015,1,23,3.78,41,79,0,9,4000,5,600,3.3,10000,1,3,30,30,0,0,0,0,9999.57
4276470015,1,23,3.78,41,79,0,9,4000,5,600,3.3,10000,1,3,30,30,0,0,0,0,9999.57
4276470015,1,23,3.78,41,79,0,9,4000,5,600,3.3,10000,1,3,30,30,0,0,0,0,9999.57
4276470015,1,23,3.78,41,79,0,9,4000,5,600,3.3,10000,1,3,30,30,0,0,0,0,9999.57
4276470015,1,23,3.78,41,79,0,9,4000,5,600,3.3,10000,1,3,30,30,0,0,0,0,9999.57
4276470015,1,23,3.78,41,79,0,9,4000,5,600,3.3,10000,1,3,30,30,0,0,0,0,9999.57
4276470015,1,23,3.78,41,79,0,9,4000,5,600,3.3,10000,1,3,6,6,0,0,0,0,9999.38
4276470015,1,23,3.78,41,79,0,9,4000,5,600,3.3,10000,1,12,6,6,0,0,0,0,9999.22
4276470015,1,23,3.78,41,79,0,9,4000,5,1200,3.3,10000,1,12,3,3,0,0,0,0,9999.61
4276470015,1,23,3.78,41,79,0,9,4000,5,600,3.3,10000,1,12,6,6,0,0,0,0,9999.22
4276470015,1,23,3.78,41,79,0,9,4000,5,600,3.3,10000,1,12,6,6,0,0,0,0,9999.22
4276470015,1,23,3.78,41,79,0,9,4000,5,600,3.3,10000,1,12,6,6,0,0,0,0,9999.22
4276470015,1,23,3.78,41,79,0,9,4000,5,600,3.3,10000,1,12,6,6,0,0,0,0,9999.22
4276470015,1,23,3.78,41,79,0,9,4000,5,600,3.3,10000,1,12,24,23,0,0,1,0,9999.22
4276470015,1,23,3.78,41,79,0,9,4000,5,600,3.3,10000,1,14,6,6,0,0,0,0,9999.16
4276470015,1,23,3.78,41,79,0,9,4000,5,600,3.3,10000,1,14,24,23,0,0,1,0,9999.16
4276470015,1,23,3.78,41,79,0,9,4000,2,600,3.3,10000,1,14,6,5,0,0,1,0,9999.19
4276470015,1,23,3.78,41,79,0,9,4000,2,600,3.3,10000,1,14,
4276470015,1,23,3.78,41,79,0,9,4000,2,600,3.3,10000,1,14,6,5,0,0,1,0,9999.19
4276470015,1,23,3.78,41,79,0,9,4000,2,600,3.3,10000,1,14,6,5,0,0,1,0,9999.19
4276470015,1,23,3.78,41,79,0,9,4000,2,600,3.3,10000,1,14,6,5,0,0,1,0,9999.19
4276470015,1,23,3.78,41,79,0,9,4000,2,600,3.3,10000,1,14,6,5,0,0,1,0,9999.19
4276470015,1,23,3.78,41,79,0,9,4000,2,600,3.3,10000,1,14,6,5,0,0,1,0,9999.19
4276470015,1,23,3.78,41,79,0,9,4000,2,600,3.3,10000,1,14,
4276470015,1,23,3.78,41,79,0,9,4000,2,600,3.3,10000,1,14,
4276470015,1,23,3.78,41,79,0,9,4000,2,600,3.3,10000,1,14,
4276470015,1,23,3.78,41,79,0,9,4000,2,600,3.3,10000,1,14,12,10,0,0,2,0,9999.19
4276470015,1,23,3.78,41,79,0,9,4000,2,600,3.3,10000,1,14,6,5,0,0,1,0,9999.19
4276470015,1,23,3.78,41,79,0,9,4000,2,600,3.3,10000,1,14,6,5,0,0,1,0,9999.19
4276470015,1,23,3.78,41,79,0,9,4000,2,600,3.3,10000,1,14,6,5,0,0,1,0,9999.19
4276470015,1,23,3.78,41,79,0,9,4000,2,600,3.3,10000,1,14,6,5,0,0,1,0,9999.19
4276470015,1,23,3.78,41,79,0,9,4000,2,600,3.3,10000,1,14,6,5,0,0,1,0,9999.19
4276470015,1,23,3.78,41,79,0,9,4000,2,600,3.3,10000,1,14,12,11,0,0,1,0,9999.19
4276470015,1,23,3.78,41,79,0,9,4000,2,600,3.3,10000,1,14,12,11,0,0,1,0,9999.19
4276470015,1,23,3.78,41,79,0,9,4000,2,600,3.3,10000,1,14,12,10,0,0,2,0,9999.33
4276470015,1,23,3.78,41,79,0,9,4000,2,600,3.3,10000,1,14,9999.33
4276470015,1,23,3.78,41,79,0,9,4000,2,600,3.3,10000,1,14,9999.33
4276470015,1,23,3.78,41,79,0,9,4000,2,600,3.3,10000,1,14,9999.33
4276470015,1,23,3.78,41,79,0,9,4000,1000,600,3.3,10000,1,14,
4276470015,1,23,3.78,41,79,0,9,4000,1000,600,3.3,10000,1,14,
4276470015,1,23,3.78,41,79,0,9,4000,1000,600,3.3,10000,1,14,
4276470015,1,23,3.78,41,79,0,9,4000,1000,600,3.3,10000,1,14,
4276470015,1,23,3.78,41,79,0,9,4000,1000,600,3.3,10000,1,6,9999.47
4276470015,1,23,3.78,41,79,0,9,4000,1000,600,3.3,10000,1,3,9999.51
4276470015,1,23,3.78,41,79,0,9,4000,1000,600,3.3,10000,1,3,3008697,714343,333489,30798,1930067,0,9998.97
4276470015,1,23,3.78,41,79,0,10,4000,1000,600,3.3,10000,1,3,3005336,561860,16007,2049,2425420,0,9999.62
4276470015,1,23,3.78,41,79,0,10,4000,1000,600,3.3,10000,1,3,5998,5603,328,67,0,0,9999.62
4276470015,1,23,3.78,41,79,0,10,4000,1000,600,3.3,10000,1,3,5998,5603,328,67,0,0,9999.62
4276470015,1,23,3.78,41,79,0,10,4000,1000,600,3.3,10000,1,3,3005336,561860,16007,2049,2425420,0,9999.62
4276470015,1,23,3.78,41,79,0,10,4000,1000,600,3.3,10000,1,3,5999,3513,184,41,2261,0,9999.62
2314927680,1,23,3.78,41,79,0,10,2000,1000,600,3.3,10000,16,3,9992.98
2314927680,1,23,3.78,41,79,0,10,3000,1000,600,3.3,10000,16,3,9991.76
2314927680,1,23,3.78,41,79,0,10,4000,1000,600,3.3,10000,16,3,9988.92
2314927680,1,23,3.78,41,79,0,10,5000,1000,600,3.3,10000,16,3,9988.3
2314927680,1,23,3.78,41,79,0,10,6000,1000,600,3.3,10000,16,3,9987.92
2314927680,1,23,3.78,41,79,0,10,8000,1000,600,3.3,10000,18,3,9985.44
861648815,1,23,3.78,41,79,0,10,2000,1000,600,3.3,10000,16,3,9992.94
861648815,1,23,3.78,41,79,0,10,3000,1000,600,3.3,10000,16,3,9991.75
861648815,1,23,3.78,41,79,0,10,4000,1000,600,3.3,10000,16,3,9988.78
861648815,1,23,3.78,41,79,0,10,5000,1000,600,3.3,10000,16,3,9988.11
861648815,1,23,3.78,41,79,0,10,6000,1000,600,3.3,10000,16,3,9987.73
861648815,1,23,3.78,41,79,0,10,8000,1000,600,3.3,10000,18,3,9985.42
716359404,1,23,3.78,41,79,0,10,2000,1000,600,3.3,10000,16,3,9992.98
716359404,1,23,3.78,41,79,0,10,3000,1000,600,3.3,10000,16,3,9991.77
716359404,1,23,3.78,41,79,0,10,4000,1000,600,3.3,10000,16,3,9988.76
716359404,1,23,3.78,41,79,0,10,5000,1000,600,3.3,10000,16,3,9988.03
716359404,1,23,3.78,41,79,0,10,6000,1000,600,3.3,10000,16,3,9987.7
716359404,1,23,3.78,41,79,0,10,8000,1000,600,3.3,10000,16,3,9986.66
518024951,1,23,3.78,41,79,0,10,2000,1000,600,3.3,10000,16,3,9992.95
518024951,1,23,3.78,41,79,0,10,3000,1000,600,3.3,10000,16,3,9991.78
518024951,1,23,3.78,41,79,0,10,4000,1000,600,3.3,10000,16,3,9988.82
518024951,1,23,3.78,41,79,0,10,5000,1000,600,3.3,10000,16,3,9987.99
518024951,1,23,3.78,41,79,0,10,6000,1000,600,3.3,10000,16,3,9987.69
518024951,1,23,3.78,41,79,0,10,8000,1000,600,3.3,10000,16,3,9986.69
652227427,1,23,3.78,41,79,0,10,2000,1000,600,3.3,10000,16,3,9992.94
652227427,1,23,3.78,41,79,0,10,3000,1000,600,3.3,10000,16,3,9991.75
652227427,1,23,3.78,41,79,0,10,4000,1000,600,3.3,10000,16,3,9988.68
652227427,1,23,3.78,41,79,0,10,5000,1000,600,3.3,10000,16,3,9988.13
652227427,1,23,3.78,41,79,0,10,6000,1000,600,3.3,10000,16,3,9987.8
652227427,1,23,3.78,41,79,0,10,8000,1000,600,3.3,10000,16,3,9986.71
2447348191,1,23,3.78,41,79,0,10,2000,1000,600,3.3,10000,16,3,9992.94
2447348191,1,23,3.78,41,79,0,10,3000,1000,600,3.3,10000,16,3,9991.76
2447348191,1,23,3.78,41,79,0,10,4000,1000,600,3.3,10000,16,3,9988.65
2447348191,1,23,3.78,41,79,0,10,5000,1000,600,3.3,10000,16,3,9988.01
2447348191,1,23,3.78,41,79,0,10,6000,1000,600,3.3,10000,16,3,9987.79
2447348191,1,23,3.78,41,79,0,10,8000,1000,600,3.3,10000,16,3,9986.66
4276470015,1,23,3.78,41,79,0,10,2000,1000,600,3.3,10000,16,3,9992.95
4276470015,1,23,3.78,41,79,0,10,3000,1000,600,3.3,10000,16,3,9991.77
4276470015,1,23,3.78,41,79,0,10,4000,1000,600,3.3,10000,16,3,9988.75
4276470015,1,23,3.78,41,79,0,10,5000,1000,600,3.3,10000,16,3,9988.1
4276470015,1,23,3.78,41,79,0,10,6000,1000,600,3.3,10000,16,3,9987.81
4276470015,1,23,3.78,41,79,0,10,8000,1000,600,3.3,10000,16,3,9986.79
4276470015,1,23,3.78,41,79,0,9,4000,1000,600,3.3,10000,1,3,5999,5261,623,115,0,0,9999.57
4276470015,1,23,3.78,41,79,0,9,4000,10,600,3.3,10000,1,3,60,60,0,0,0,0,9999.42
4276470015,1,23,3.78,41,79,0,9,4000,10,600,3.3,10000,1,3,60,60,0,0,0,0,9999.42
4276470015,1,23,3.78,41,79,0,9,4000,10,600,3.3,10000,1,3,60,60,0,0,0,0,9999.42
4276470015,1,23,3.78,41,79,0,9,4000,10,600,3.3,10000,1,3,60,60,0,0,0,0,9999.42
4276470015,1,23,3.78,41,79,0,9,4000,10,600,3.3,10000,1,3,60,60,0,0,0,0,9999.42
4276470015,1,23,3.78,41,79,0,9,4000,10,600,3.3,10000,1,3,60,60,0,0,0,0,9999.42
4276470015,1,23,3.78,41,79,0,9,4000,10,600,3.3,10000,1,3,60,60,0,0,0,0,9999.42
4276470015,1,23,3.78,41,79,0,9,4000,10,600,3.3,10000,1,3,60,60,0,0,0,0,9999.42
4276470015,1,23,3.78,41,79,0,9,4000,10,600,3.3,10000,1,3,60,60,0,0,0,0,9999.42
4276470015,1,23,3.78,41,79,0,9,4000,10,600,3.3,10000,1,3,60,60,0,0,0,0,9999.42
4276470015,1,23,3.78,41,79,0,9,4000,10,600,3.3,10000,1,3,60,60,0,0,0,0,9999.42
4276470015,1,23,3.78,41,79,0,9,4000,10,600,3.3,10000,1,3,60,60,0,0,0,0,9999.42
4276470015,1,23,3.78,41,79,0,9,4000,10,600,3.3,10000,1,3,60,60,0,0,0,0,9999.42
4276470015,1,23,3.78,41,79,0,9,4000,10,600,3.3,10000,1,3,60,37,0,0,23,0,9998.96
4276470015,1,23,3.78,41,79,0,9,4000,10,600,3.3,10000,1,3,60,37,0,0,23,0,9998.96
4276470015,1,23,3.78,41,79,0,9,4000,10,600,3.3,10000,1,3,60,30,0,0,30,0,9998.96
3608379135,1,23,3.78,41,79,0,9,4000,10,600,3.3,10000,1,3,60,24,0,0,36,0,9999.07
4276470015,1,23,3.78,41,79,0,9,4000,1000,600,3.3,10000,1,3,5998,2313,1031,155,2499,0,9999.03
4276470015,1,23,3.78,41,79,0,9,4000,1000,600,3.3,10000,1,3,5995,2109,1244,187,2455,0,9999.03
3608379135,1,23,3.78,41,79,0,9,4000,10,600,3.3,10000,1,3,60,34,0,0,26,0,9999.07
3608379135,1,23,3.78,41,79,0,9,4000,10,600,3.3,10000,1,3,60,34,0,0,26,0,9999.07