RunSeed,Seed,Algoritmo,Radius,nDevices,appPeriodsSeconds,batteryVoltage,batteryEnergyInit,hours,TxPowerdBm,PHYTotal,PHYSuccessful,PHYInterfered,PHYNoMoreReceivers,PHYUnderSensitivity,PHYLostBecauseTX,batteryEnergyFinal,currenthora
2314927680,1,1,2000,1000,600,3.3,10000,4,9,24000,23136,816,48,0,0,9999.156178,0.017757
2314927680,1,1,3000,1000,600,3.3,10000,4,9,24000,19388,587,46,3979,0,9999.156197,0.017757
2314927680,1,1,4000,1000,600,3.3,10000,4,9,24000,13073,365,41,10521,0,9999.156197,0.017757
2314927680,1,1,5000,1000,600,3.3,10000,4,9,24000,8563,220,31,15186,0,9999.156230,0.017756
2314927680,1,1,6000,1000,600,3.3,10000,4,9,24000,6153,133,18,17696,0,9999.156230,0.017756
2314927680,1,1,8000,1000,600,3.3,10000,4,9,24000,3372,41,4,20583,0,9999.156230,0.017756
861648815,1,1,2000,1000,600,3.3,10000,4,9,24000,23235,702,63,0,0,9999.156030,0.017760
861648815,1,1,3000,1000,600,3.3,10000,4,9,24000,19443,544,56,3957,0,9999.156129,0.017758
861648815,1,1,4000,1000,600,3.3,10000,4,9,24000,12953,354,47,10646,0,9999.155938,0.017762
861648815,1,1,5000,1000,600,3.3,10000,4,9,24000,8754,224,35,14987,0,9999.156155,0.017758
861648815,1,1,6000,1000,600,3.3,10000,4,9,24000,6315,149,18,17518,0,9999.156155,0.017758
861648815,1,1,8000,1000,600,3.3,10000,4,9,24000,3369,26,6,20599,0,9999.156155,0.017758
716359404,1,1,2000,1000,600,3.3,10000,4,9,24000,23277,692,31,0,0,9999.155850,0.017764
716359404,1,1,3000,1000,600,3.3,10000,4,9,24000,19518,463,30,3989,0,9999.155873,0.017764
716359404,1,1,4000,1000,600,3.3,10000,4,9,24000,13057,261,28,10654,0,9999.155889,0.017763
716359404,1,1,5000,1000,600,3.3,10000,4,9,24000,8978,196,18,14808,0,9999.155892,0.017763
716359404,1,1,6000,1000,600,3.3,10000,4,9,24000,6442,156,12,17390,0,9999.155892,0.017763
716359404,1,1,8000,1000,600,3.3,10000,4,9,24000,3600,52,5,20343,0,9999.155892,0.017763
518024951,1,1,2000,1000,600,3.3,10000,4,9,23999,23227,712,60,0,0,9999.156010,0.017761
518024951,1,1,3000,1000,600,3.3,10000,4,9,23999,19393,520,57,4029,0,9999.156019,0.017761
518024951,1,1,4000,1000,600,3.3,10000,4,9,23999,12863,337,42,10757,0,9999.156102,0.017759
518024951,1,1,5000,1000,600,3.3,10000,4,9,24000,8738,198,32,15032,0,9999.156102,0.017759
518024951,1,1,6000,1000,600,3.3,10000,4,9,24000,6263,134,22,17581,0,9999.156102,0.017759
518024951,1,1,8000,1000,600,3.3,10000,4,9,24000,3275,49,5,20671,0,9999.156102,0.017759
652227427,1,1,2000,1000,600,3.3,10000,4,9,24000,23287,650,63,0,0,9999.156223,0.017756
652227427,1,1,3000,1000,600,3.3,10000,4,9,24000,19242,442,58,4258,0,9999.156170,0.017757
652227427,1,1,4000,1000,600,3.3,10000,4,9,24000,12967,234,46,10753,0,9999.156187,0.017757
652227427,1,1,5000,1000,600,3.3,10000,4,9,24000,8812,105,28,15055,0,9999.156192,0.017757
652227427,1,1,6000,1000,600,3.3,10000,4,9,24000,6248,77,18,17657,0,9999.156276,0.017755
652227427,1,1,8000,1000,600,3.3,10000,4,9,24000,3543,32,5,20420,0,9999.156276,0.017755
2447348191,1,1,2000,1000,600,3.3,10000,4,9,24000,23176,764,60,0,0,9999.156183,0.017757
2447348191,1,1,3000,1000,600,3.3,10000,4,9,24000,19291,624,59,4026,0,9999.156270,0.017755
2447348191,1,1,4000,1000,600,3.3,10000,4,9,24000,12786,421,45,10748,0,9999.156270,0.017755
2447348191,1,1,5000,1000,600,3.3,10000,4,9,24000,8759,272,35,14934,0,9999.156270,0.017755
2447348191,1,1,6000,1000,600,3.3,10000,4,9,24000,6394,142,18,17446,0,9999.156270,0.017755
2447348191,1,1,8000,1000,600,3.3,10000,4,9,24000,3362,46,4,20588,0,9999.156270,0.017755
2314927680,1,2,2000,1000,600,3.3,10000,4,9,24000,23246,738,16,0,0,9999.414115,0.012329
2314927680,1,2,3000,1000,600,3.3,10000,4,9,24000,19095,471,14,4420,0,9999.414168,0.012328
2314927680,1,2,4000,1000,600,3.3,10000,4,9,24000,11595,172,9,12224,0,9999.414186,0.012328
2314927680,1,2,5000,1000,600,3.3,10000,4,9,24000,7551,96,5,16348,0,9999.414186,0.012328
2314927680,1,2,6000,1000,600,3.3,10000,4,9,24000,5138,55,4,18803,0,9999.414186,0.012328
2314927680,1,2,8000,1000,600,3.3,10000,4,9,24000,2903,19,2,21076,0,9999.414186,0.012328
861648815,1,2,2000,1000,600,3.3,10000,4,9,24000,23390,587,23,0,0,9999.414088,0.012330
861648815,1,2,3000,1000,600,3.3,10000,4,9,24000,19060,401,18,4521,0,9999.414102,0.012330
861648815,1,2,4000,1000,600,3.3,10000,4,9,24000,11529,196,10,12265,0,9999.414174,0.012328
861648815,1,2,5000,1000,600,3.3,10000,4,9,24000,7640,104,5,16251,0,9999.414174,0.012328
861648815,1,2,6000,1000,600,3.3,10000,4,9,24000,5331,45,2,18622,0,9999.414174,0.012328
861648815,1,2,8000,1000,600,3.3,10000,4,9,24000,2807,1,1,21191,0,9999.414174,0.012328
716359404,1,2,2000,1000,600,3.3,10000,4,9,24000,23301,685,14,0,0,9999.413925,0.012333
716359404,1,2,3000,1000,600,3.3,10000,4,9,24000,19040,430,14,4516,0,9999.413948,0.012333
716359404,1,2,4000,1000,600,3.3,10000,4,9,24000,11710,173,8,12109,0,9999.413964,0.012332
716359404,1,2,5000,1000,600,3.3,10000,4,9,24000,7797,115,5,16083,0,9999.413967,0.012332
716359404,1,2,6000,1000,600,3.3,10000,4,9,24000,5369,59,3,18569,0,9999.413967,0.012332
716359404,1,2,8000,1000,600,3.3,10000,4,9,24000,3134,21,2,20843,0,9999.413967,0.012332
518024951,1,2,2000,1000,600,3.3,10000,4,9,23999,23320,656,23,0,0,9999.414008,0.012331
518024951,1,2,3000,1000,600,3.3,10000,4,9,23999,18967,437,22,4573,0,9999.414084,0.012330
518024951,1,2,4000,1000,600,3.3,10000,4,9,23999,11449,178,14,12358,0,9999.414100,0.012330
518024951,1,2,5000,1000,600,3.3,10000,4,9,24000,7642,90,7,16261,0,9999.414100,0.012330
518024951,1,2,6000,1000,600,3.3,10000,4,9,24000,5272,48,4,18676,0,9999.414100,0.012330
518024951,1,2,8000,1000,600,3.3,10000,4,9,24000,2767,17,0,21216,0,9999.414100,0.012330
652227427,1,2,2000,1000,600,3.3,10000,4,9,24000,23343,628,29,0,0,9999.414178,0.012328
652227427,1,2,3000,1000,600,3.3,10000,4,9,24000,18719,393,27,4861,0,9999.414180,0.012328
652227427,1,2,4000,1000,600,3.3,10000,4,9,24000,11483,145,16,12356,0,9999.414180,0.012328
652227427,1,2,5000,1000,600,3.3,10000,4,9,24000,7627,49,8,16316,0,9999.414231,0.012327
652227427,1,2,6000,1000,600,3.3,10000,4,9,24000,5253,26,3,18718,0,9999.414231,0.012327
652227427,1,2,8000,1000,600,3.3,10000,4,9,24000,3060,12,0,20928,0,9999.414231,0.012327
2447348191,1,2,2000,1000,600,3.3,10000,4,9,24000,23279,693,28,0,0,9999.414138,0.012329
2447348191,1,2,3000,1000,600,3.3,10000,4,9,24000,18796,539,24,4641,0,9999.414224,0.012327
2447348191,1,2,4000,1000,600,3.3,10000,4,9,24000,11372,268,17,12343,0,9999.414233,0.012327
2447348191,1,2,5000,1000,600,3.3,10000,4,9,24000,7815,113,11,16061,0,9999.414233,0.012327
2447348191,1,2,6000,1000,600,3.3,10000,4,9,24000,5335,46,1,18618,0,9999.414233,0.012327
2447348191,1,2,8000,1000,600,3.3,10000,4,9,24000,2852,16,1,21131,0,9999.414233,0.012327
2314927680,1,3,2000,1000,600,3.3,10000,4,9,24000,23280,679,41,0,0,9999.197227,0.016893
2314927680,1,3,3000,1000,600,3.3,10000,4,9,24000,19781,489,38,3692,0,9999.197280,0.016892
2314927680,1,3,4000,1000,600,3.3,10000,4,9,24000,12280,258,31,11431,0,9999.197298,0.016892
2314927680,1,3,5000,1000,600,3.3,10000,4,9,24000,8340,183,24,15453,0,9999.197298,0.016892
2314927680,1,3,6000,1000,600,3.3,10000,4,9,24000,5964,114,14,17908,0,9999.197298,0.016892
2314927680,1,3,8000,1000,600,3.3,10000,4,9,24000,3324,41,4,20631,0,9999.197298,0.016892
861648815,1,3,2000,1000,600,3.3,10000,4,9,24000,23312,635,53,0,0,9999.197137,0.016895
861648815,1,3,3000,1000,600,3.3,10000,4,9,24000,19849,497,48,3606,0,9999.197196,0.016894
861648815,1,3,4000,1000,600,3.3,10000,4,9,24000,12248,291,38,11423,0,9999.197139,0.016895
861648815,1,3,5000,1000,600,3.3,10000,4,9,24000,8525,209,25,15241,0,9999.197223,0.016893
861648815,1,3,6000,1000,600,3.3,10000,4,9,24000,6133,141,13,17713,0,9999.197223,0.016893
861648815,1,3,8000,1000,600,3.3,10000,4,9,24000,3243,26,3,20728,0,9999.197223,0.016893
716359404,1,3,2000,1000,600,3.3,10000,4,9,24000,23298,673,29,0,0,9999.196977,0.016899
716359404,1,3,3000,1000,600,3.3,10000,4,9,24000,19780,495,29,3696,0,9999.196990,0.016898
716359404,1,3,4000,1000,600,3.3,10000,4,9,24000,12278,232,22,11468,0,9999.197006,0.016898
716359404,1,3,5000,1000,600,3.3,10000,4,9,24000,8726,172,17,15085,0,9999.197001,0.016898
716359404,1,3,6000,1000,600,3.3,10000,4,9,24000,6254,140,11,17595,0,9999.197006,0.016898
716359404,1,3,8000,1000,600,3.3,10000,4,9,24000,3514,48,4,20434,0,9999.197006,0.016898
518024951,1,3,2000,1000,600,3.3,10000,4,9,23999,23292,649,58,0,0,9999.197132,0.016895
518024951,1,3,3000,1000,600,3.3,10000,4,9,23999,19680,473,55,3791,0,9999.197141,0.016895
518024951,1,3,4000,1000,600,3.3,10000,4,9,23999,12127,276,40,11556,0,9999.197224,0.016893
518024951,1,3,5000,1000,600,3.3,10000,4,9,24000,8545,177,31,15247,0,9999.197224,0.016893
518024951,1,3,6000,1000,600,3.3,10000,4,9,24000,6108,109,22,17761,0,9999.197224,0.016893
518024951,1,3,8000,1000,600,3.3,10000,4,9,24000,3162,42,5,20791,0,9999.197224,0.016893
652227427,1,3,2000,1000,600,3.3,10000,4,9,24000,23303,642,55,0,0,9999.197318,0.016891
652227427,1,3,3000,1000,600,3.3,10000,4,9,24000,19496,446,50,4008,0,9999.197365,0.016890
652227427,1,3,4000,1000,600,3.3,10000,4,9,24000,12161,212,36,11591,0,9999.197282,0.016892
652227427,1,3,5000,1000,600,3.3,10000,4,9,24000,8563,99,24,15314,0,9999.197287,0.016892
652227427,1,3,6000,1000,600,3.3,10000,4,9,24000,6092,71,17,17820,0,9999.197370,0.016890
652227427,1,3,8000,1000,600,3.3,10000,4,9,24000,3432,29,5,20534,0,9999.197370,0.016890
2447348191,1,3,2000,1000,600,3.3,10000,4,9,24000,23252,696,52,0,0,9999.197236,0.016893
2447348191,1,3,3000,1000,600,3.3,10000,4,9,24000,19619,572,49,3760,0,9999.197353,0.016891
2447348191,1,3,4000,1000,600,3.3,10000,4,9,24000,12069,362,37,11532,0,9999.197353,0.016891
2447348191,1,3,5000,1000,600,3.3,10000,4,9,24000,8562,248,32,15158,0,9999.197353,0.016891
2447348191,1,3,6000,1000,600,3.3,10000,4,9,24000,6172,136,16,17676,0,9999.197353,0.016891
2447348191,1,3,8000,1000,600,3.3,10000,4,9,24000,3219,45,2,20734,0,9999.197353,0.016891
2314927680,1,4,2000,1000,600,3.3,10000,4,9,24000,23306,688,6,0,0,9999.600173,0.008414
2314927680,1,4,3000,1000,600,3.3,10000,4,9,24000,20927,1300,45,1728,0,9999.143912,0.018015
2314927680,1,4,4000,1000,600,3.3,10000,4,9,24000,18598,2083,335,2984,0,9997.869053,0.044843
2314927680,1,4,5000,1000,600,3.3,10000,4,9,23999,14925,4935,791,3348,0,9996.731599,0.068779
2314927680,1,4,6000,1000,600,3.3,10000,4,9,23998,12256,7257,1116,3369,0,9996.099746,0.082076
2314927680,1,4,8000,1000,600,3.3,10000,4,9,23998,7763,5388,559,10288,0,9995.448434,0.095782
861648815,1,4,2000,1000,600,3.3,10000,4,9,24000,23434,562,4,0,0,9999.589763,0.008633
861648815,1,4,3000,1000,600,3.3,10000,4,9,24000,20968,1326,42,1664,0,9999.104636,0.018842
861648815,1,4,4000,1000,600,3.3,10000,4,9,23999,18734,1991,410,2864,0,9997.729239,0.047785
861648815,1,4,5000,1000,600,3.3,10000,4,9,23999,14872,5082,841,3204,0,9996.668615,0.070105
861648815,1,4,6000,1000,600,3.3,10000,4,9,23999,12174,7424,1126,3275,0,9996.064779,0.082812
861648815,1,4,8000,1000,600,3.3,10000,4,9,24000,7916,5397,585,10102,0,9995.448066,0.095790
716359404,1,4,2000,1000,600,3.3,10000,4,9,24000,23247,749,4,0,0,9999.598978,0.008439
716359404,1,4,3000,1000,600,3.3,10000,4,9,24000,21294,941,39,1726,0,9999.125604,0.018401
716359404,1,4,4000,1000,600,3.3,10000,4,9,24000,18975,1744,364,2917,0,9997.860206,0.045029
716359404,1,4,5000,1000,600,3.3,10000,4,9,24000,15077,4802,809,3312,0,9996.726739,0.068882
716359404,1,4,6000,1000,600,3.3,10000,4,9,24000,12283,7275,1068,3374,0,9996.113273,0.081791
716359404,1,4,8000,1000,600,3.3,10000,4,9,24000,7894,5361,546,10199,0,9995.469189,0.095345
518024951,1,4,2000,1000,600,3.3,10000,4,9,23999,23310,679,10,0,0,9999.599009,0.008438
518024951,1,4,3000,1000,600,3.3,10000,4,9,23999,20987,1243,57,1712,0,9999.120019,0.018518
518024951,1,4,4000,1000,600,3.3,10000,4,9,23999,18713,2064,403,2819,0,9997.826385,0.045741
518024951,1,4,5000,1000,600,3.3,10000,4,9,23999,14906,5028,878,3187,0,9996.677272,0.069923
518024951,1,4,6000,1000,600,3.3,10000,4,9,23999,11615,7765,1309,3310,0,9996.035149,0.083435
518024951,1,4,8000,1000,600,3.3,10000,4,9,23999,7559,5549,655,10236,0,9995.458344,0.095574
652227427,1,4,2000,1000,600,3.3,10000,4,9,24000,23197,789,14,0,0,9999.593497,0.008554
652227427,1,4,3000,1000,600,3.3,10000,4,9,24000,20948,1090,46,1916,0,9999.112512,0.018676
652227427,1,4,4000,1000,600,3.3,10000,4,9,23999,18579,2044,345,3031,0,9997.795897,0.046383
652227427,1,4,5000,1000,600,3.3,10000,4,9,23998,14647,5041,799,3511,0,9996.668847,0.070100
652227427,1,4,6000,1000,600,3.3,10000,4,9,23998,11980,7435,1034,3549,0,9996.080067,0.082490
652227427,1,4,8000,1000,600,3.3,10000,4,9,23998,7787,5331,517,10363,0,9995.486219,0.094987
2447348191,1,4,2000,1000,600,3.3,10000,4,9,24000,23444,549,7,0,0,9999.594208,0.008539
2447348191,1,4,3000,1000,600,3.3,10000,4,9,24000,21209,1154,56,1581,0,9999.104822,0.018838
2447348191,1,4,4000,1000,600,3.3,10000,4,9,24000,19004,2008,358,2630,0,9997.767276,0.046985
2447348191,1,4,5000,1000,600,3.3,10000,4,9,23999,14642,5485,810,3062,0,9996.570006,0.072180
2447348191,1,4,6000,1000,600,3.3,10000,4,9,23999,12092,7779,1045,3083,0,9995.996552,0.084248
2447348191,1,4,8000,1000,600,3.3,10000,4,9,23998,7693,5534,536,10235,0,9995.391015,0.096990
2314927680,1,5,2000,1000,600,3.3,10000,4,9,24000,21856,1866,278,0,0,9998.128343,0.039387
2314927680,1,5,3000,1000,600,3.3,10000,4,9,24000,20801,1828,274,1097,0,9998.128187,0.039390
2314927680,1,5,4000,1000,600,3.3,10000,4,9,24000,18163,1733,262,3842,0,9998.127772,0.039399
2314927680,1,5,5000,1000,600,3.3,10000,4,9,24000,15783,1642,242,6333,0,9998.127590,0.039403
2314927680,1,5,6000,1000,600,3.3,10000,4,9,24000,11147,1235,161,11457,0,9998.128015,0.039394
2314927680,1,5,8000,1000,600,3.3,10000,4,9,24000,5215,385,42,18358,0,9998.127955,0.039395
861648815,1,5,2000,1000,600,3.3,10000,4,9,23999,22215,1497,287,0,0,9998.128253,0.039389
861648815,1,5,3000,1000,600,3.3,10000,4,9,23999,21159,1478,285,1077,0,9998.128309,0.039387
861648815,1,5,4000,1000,600,3.3,10000,4,9,23999,18564,1417,276,3742,0,9998.128284,0.039388
861648815,1,5,5000,1000,600,3.3,10000,4,9,23999,16123,1333,261,6282,0,9998.128132,0.039391
861648815,1,5,6000,1000,600,3.3,10000,4,9,23999,11027,1057,166,11749,0,9998.128314,0.039387
861648815,1,5,8000,1000,600,3.3,10000,4,9,24000,5308,326,39,18327,0,9998.128314,0.039387
716359404,1,5,2000,1000,600,3.3,10000,4,9,24000,22538,1192,270,0,0,9998.128131,0.039391
716359404,1,5,3000,1000,600,3.3,10000,4,9,24000,21469,1167,267,1097,0,9998.127813,0.039398
716359404,1,5,4000,1000,600,3.3,10000,4,9,24000,18842,1097,252,3809,0,9998.127865,0.039397
716359404,1,5,5000,1000,600,3.3,10000,4,9,24000,16374,994,223,6409,0,9998.127569,0.039403
716359404,1,5,6000,1000,600,3.3,10000,4,9,24000,11646,802,152,11400,0,9998.127619,0.039402
716359404,1,5,8000,1000,600,3.3,10000,4,9,24000,5799,290,45,17866,0,9998.127879,0.039396
518024951,1,5,2000,1000,600,3.3,10000,4,9,23999,22111,1589,299,0,0,9998.128366,0.039386
518024951,1,5,3000,1000,600,3.3,10000,4,9,23999,21039,1542,298,1120,0,9998.128091,0.039392
518024951,1,5,4000,1000,600,3.3,10000,4,9,23999,18437,1478,287,3797,0,9998.127616,0.039402
518024951,1,5,5000,1000,600,3.3,10000,4,9,23999,15869,1347,243,6540,0,9998.127801,0.039398
518024951,1,5,6000,1000,600,3.3,10000,4,9,24000,11206,1017,162,11615,0,9998.128002,0.039394
518024951,1,5,8000,1000,600,3.3,10000,4,9,24000,5283,360,34,18323,0,9998.128123,0.039391
652227427,1,5,2000,1000,600,3.3,10000,4,9,23999,22244,1487,268,0,0,9998.128471,0.039384
652227427,1,5,3000,1000,600,3.3,10000,4,9,23999,21054,1463,264,1218,0,9998.128269,0.039388
652227427,1,5,4000,1000,600,3.3,10000,4,9,23999,18383,1417,246,3953,0,9998.128242,0.039389
652227427,1,5,5000,1000,600,3.3,10000,4,9,23999,15956,1318,215,6510,0,9998.128085,0.039392
652227427,1,5,6000,1000,600,3.3,10000,4,9,23999,11149,1023,144,11683,0,9998.128206,0.039390
652227427,1,5,8000,1000,600,3.3,10000,4,9,23999,5452,311,38,18198,0,9998.128206,0.039390
2447348191,1,5,2000,1000,600,3.3,10000,4,9,24000,22135,1603,262,0,0,9998.128314,0.039387
2447348191,1,5,3000,1000,600,3.3,10000,4,9,24000,20964,1585,260,1191,0,9998.128319,0.039387
2447348191,1,5,4000,1000,600,3.3,10000,4,9,24000,18623,1534,250,3593,0,9998.128252,0.039389
2447348191,1,5,5000,1000,600,3.3,10000,4,9,24000,15775,1402,224,6599,0,9998.128319,0.039387
2447348191,1,5,6000,1000,600,3.3,10000,4,9,24000,10912,1069,165,11854,0,9998.128015,0.039394
2447348191,1,5,8000,1000,600,3.3,10000,4,9,24000,5531,359,54,18056,0,9998.128075,0.039392
2314927680,1,6,2000,1000,600,3.3,10000,4,9,24000,21100,2506,394,0,0,9997.716708,0.048049
2314927680,1,6,3000,1000,600,3.3,10000,4,9,24000,20771,2503,393,333,0,9997.716527,0.048053
2314927680,1,6,4000,1000,600,3.3,10000,4,9,24000,18962,2428,380,2230,0,9997.716161,0.048061
2314927680,1,6,5000,1000,600,3.3,10000,4,9,24000,16952,2274,358,4416,0,9997.715249,0.048080
2314927680,1,6,6000,1000,600,3.3,10000,4,9,24000,14300,1910,305,7485,0,9997.715459,0.048075
2314927680,1,6,8000,1000,600,3.3,10000,4,9,24000,6502,575,72,16851,0,9997.716009,0.048064
861648815,1,6,2000,1000,600,3.3,10000,4,9,23999,21497,2075,427,0,0,9997.716737,0.048048
861648815,1,6,3000,1000,600,3.3,10000,4,9,23999,21176,2074,426,323,0,9997.716628,0.048051
861648815,1,6,4000,1000,600,3.3,10000,4,9,23999,19438,2022,420,2119,0,9997.716761,0.048048
861648815,1,6,5000,1000,600,3.3,10000,4,9,23999,17372,1935,395,4297,0,9997.716761,0.048048
861648815,1,6,6000,1000,600,3.3,10000,4,9,23999,14359,1635,329,7676,0,9997.716761,0.048048
861648815,1,6,8000,1000,600,3.3,10000,4,9,24000,6679,494,82,16745,0,9997.716761,0.048048
716359404,1,6,2000,1000,600,3.3,10000,4,9,24000,21364,2201,435,0,0,9997.716203,0.048060
716359404,1,6,3000,1000,600,3.3,10000,4,9,24000,21020,2195,435,350,0,9997.716006,0.048064
716359404,1,6,4000,1000,600,3.3,10000,4,9,24000,19338,2144,417,2101,0,9997.716213,0.048059
716359404,1,6,5000,1000,600,3.3,10000,4,9,24000,17122,2018,374,4486,0,9997.716181,0.048060
716359404,1,6,6000,1000,600,3.3,10000,4,9,24000,14445,1683,291,7581,0,9997.716218,0.048059
716359404,1,6,8000,1000,600,3.3,10000,4,9,24000,6857,546,66,16531,0,9997.716218,0.048059
518024951,1,6,2000,1000,600,3.3,10000,4,9,23999,21304,2249,446,0,0,9997.716652,0.048050
518024951,1,6,3000,1000,600,3.3,10000,4,9,23999,20912,2238,446,403,0,9997.716532,0.048053
518024951,1,6,4000,1000,600,3.3,10000,4,9,23999,19279,2186,431,2103,0,9997.716004,0.048064
518024951,1,6,5000,1000,600,3.3,10000,4,9,23999,17128,2051,395,4425,0,9997.716409,0.048055
518024951,1,6,6000,1000,600,3.3,10000,4,9,23999,14318,1694,309,7678,0,9997.716409,0.048055
518024951,1,6,8000,1000,600,3.3,10000,4,9,24000,6571,508,57,16864,0,9997.716652,0.048050
652227427,1,6,2000,1000,600,3.3,10000,4,9,23999,21340,2272,387,0,0,9997.716740,0.048048
652227427,1,6,3000,1000,600,3.3,10000,4,9,23999,20876,2268,387,468,0,9997.716597,0.048051
652227427,1,6,4000,1000,600,3.3,10000,4,9,23999,19185,2230,374,2210,0,9997.716200,0.048060
652227427,1,6,5000,1000,600,3.3,10000,4,9,23999,16844,2111,343,4701,0,9997.716322,0.048057
652227427,1,6,6000,1000,600,3.3,10000,4,9,23999,14144,1715,273,7867,0,9997.716444,0.048055
652227427,1,6,8000,1000,600,3.3,10000,4,9,23999,6834,515,64,16586,0,9997.716444,0.048055
2447348191,1,6,2000,1000,600,3.3,10000,4,9,24000,21403,2200,397,0,0,9997.716715,0.048049
2447348191,1,6,3000,1000,600,3.3,10000,4,9,24000,21055,2200,396,349,0,9997.716606,0.048051
2447348191,1,6,4000,1000,600,3.3,10000,4,9,24000,19450,2131,383,2036,0,9997.716535,0.048053
2447348191,1,6,5000,1000,600,3.3,10000,4,9,24000,17318,1997,354,4331,0,9997.716298,0.048058
2447348191,1,6,6000,1000,600,3.3,10000,4,9,24000,14137,1727,274,7862,0,9997.716723,0.048049
2447348191,1,6,8000,1000,600,3.3,10000,4,9,24000,6710,557,76,16657,0,9997.716723,0.048049
2314927680,1,7,2000,1000,600,3.3,10000,4,9,23999,18964,4301,734,0,0,9996.888148,0.065485
2314927680,1,7,3000,1000,600,3.3,10000,4,9,23999,18645,4297,733,324,0,9996.888148,0.065485
2314927680,1,7,4000,1000,600,3.3,10000,4,9,23999,17192,4269,723,1815,0,9996.886791,0.065514
2314927680,1,7,5000,1000,600,3.3,10000,4,9,23999,15926,4229,709,3135,0,9996.886750,0.065515
2314927680,1,7,6000,1000,600,3.3,10000,4,9,23999,14211,4063,643,5082,0,9996.886963,0.065510
2314927680,1,7,8000,1000,600,3.3,10000,4,9,23999,7978,1519,168,14334,0,9996.887206,0.065505
861648815,1,7,2000,1000,600,3.3,10000,4,9,23999,19018,4220,761,0,0,9996.888549,0.065477
861648815,1,7,3000,1000,600,3.3,10000,4,9,23999,18701,4219,759,320,0,9996.888490,0.065478
861648815,1,7,4000,1000,600,3.3,10000,4,9,23999,17335,4190,749,1725,0,9996.888543,0.065477
861648815,1,7,5000,1000,600,3.3,10000,4,9,23999,16015,4160,739,3085,0,9996.887966,0.065489
861648815,1,7,6000,1000,600,3.3,10000,4,9,23999,14390,4009,680,4920,0,9996.887844,0.065491
861648815,1,7,8000,1000,600,3.3,10000,4,9,24000,7863,1457,173,14507,0,9996.888088,0.065486
716359404,1,7,2000,1000,600,3.3,10000,4,9,24000,19075,4148,777,0,0,9996.888069,0.065487
716359404,1,7,3000,1000,600,3.3,10000,4,9,24000,18746,4143,776,335,0,9996.888055,0.065487
716359404,1,7,4000,1000,600,3.3,10000,4,9,24000,17402,4118,759,1721,0,9996.887597,0.065497
716359404,1,7,5000,1000,600,3.3,10000,4,9,24000,16053,4061,742,3144,0,9996.887298,0.065503
716359404,1,7,6000,1000,600,3.3,10000,4,9,24000,14392,3886,660,5062,0,9996.887171,0.065506
716359404,1,7,8000,1000,600,3.3,10000,4,9,24000,8243,1472,154,14131,0,9996.887420,0.065500
518024951,1,7,2000,1000,600,3.3,10000,4,9,23999,18928,4272,799,0,0,9996.888610,0.065475
518024951,1,7,3000,1000,600,3.3,10000,4,9,23999,18542,4261,798,398,0,9996.888226,0.065483
518024951,1,7,4000,1000,600,3.3,10000,4,9,23999,17289,4244,781,1685,0,9996.887480,0.065499
518024951,1,7,5000,1000,600,3.3,10000,4,9,23999,15897,4203,743,3156,0,9996.887577,0.065497
518024951,1,7,6000,1000,600,3.3,10000,4,9,23999,14155,3978,693,5173,0,9996.887273,0.065504
518024951,1,7,8000,1000,600,3.3,10000,4,9,24000,7756,1452,173,14619,0,9996.887942,0.065489
652227427,1,7,2000,1000,600,3.3,10000,4,9,23998,19090,4186,722,0,0,9996.888489,0.065478
652227427,1,7,3000,1000,600,3.3,10000,4,9,23998,18636,4180,722,460,0,9996.888489,0.065478
652227427,1,7,4000,1000,600,3.3,10000,4,9,23998,17348,4158,709,1783,0,9996.888489,0.065478
652227427,1,7,5000,1000,600,3.3,10000,4,9,23998,15888,4138,671,3301,0,9996.888428,0.065479
652227427,1,7,6000,1000,600,3.3,10000,4,9,23998,14230,3919,622,5227,0,9996.888428,0.065479
652227427,1,7,8000,1000,600,3.3,10000,4,9,23998,7934,1390,175,14499,0,9996.887881,0.065491
2447348191,1,7,2000,1000,600,3.3,10000,4,9,23999,19233,4065,701,0,0,9996.888634,0.065475
2447348191,1,7,3000,1000,600,3.3,10000,4,9,23999,18890,4064,700,345,0,9996.888601,0.065476
2447348191,1,7,4000,1000,600,3.3,10000,4,9,23999,17628,4016,690,1665,0,9996.888026,0.065488
2447348191,1,7,5000,1000,600,3.3,10000,4,9,23999,16350,3977,667,3005,0,9996.886750,0.065515
2447348191,1,7,6000,1000,600,3.3,10000,4,9,23999,14501,3820,589,5089,0,9996.886871,0.065512
2447348191,1,7,8000,1000,600,3.3,10000,4,9,23999,7616,1308,181,14894,0,9996.887297,0.065503
2314927680,1,10,2000,1000,600,3.3,10000,4,9,24000,22076,1628,296,0,0,9998.138095,0.039181
2314927680,1,10,3000,1000,600,3.3,10000,4,9,24000,20698,1586,290,1426,0,9998.138127,0.039181
2314927680,1,10,4000,1000,600,3.3,10000,4,9,24000,17054,1464,272,5210,0,9998.137947,0.039185
2314927680,1,10,5000,1000,600,3.3,10000,4,9,24000,13982,1348,220,8450,0,9998.138049,0.039182
2314927680,1,10,6000,1000,600,3.3,10000,4,9,24000,11052,1034,161,11753,0,9998.138093,0.039182
2314927680,1,10,8000,1000,600,3.3,10000,4,9,24000,6436,449,44,17071,0,9998.138132,0.039181
861648815,1,10,2000,1000,600,3.3,10000,4,9,24000,22104,1564,332,0,0,9998.062168,0.040779
861648815,1,10,3000,1000,600,3.3,10000,4,9,24000,20638,1521,324,1517,0,9998.062170,0.040779
861648815,1,10,4000,1000,600,3.3,10000,4,9,24000,17246,1405,301,5048,0,9998.062216,0.040778
861648815,1,10,5000,1000,600,3.3,10000,4,9,24000,14263,1270,252,8215,0,9998.062216,0.040778
861648815,1,10,6000,1000,600,3.3,10000,4,9,24000,11421,1014,184,11381,0,9998.062216,0.040778
861648815,1,10,8000,1000,600,3.3,10000,4,9,24000,6706,400,76,16818,0,9998.062216,0.040778
716359404,1,10,2000,1000,600,3.3,10000,4,9,23999,22357,1384,258,0,0,9998.140321,0.039135
716359404,1,10,3000,1000,600,3.3,10000,4,9,23999,21023,1357,251,1368,0,9998.140087,0.039140
716359404,1,10,4000,1000,600,3.3,10000,4,9,23999,17346,1224,229,5200,0,9998.140017,0.039141
716359404,1,10,5000,1000,600,3.3,10000,4,9,23999,14099,1066,184,8650,0,9998.140015,0.039141
716359404,1,10,6000,1000,600,3.3,10000,4,9,24000,11339,880,137,11644,0,9998.140210,0.039137
716359404,1,10,8000,1000,600,3.3,10000,4,9,24000,6717,377,38,16868,0,9998.140260,0.039136
518024951,1,10,2000,1000,600,3.3,10000,4,9,23999,22374,1393,232,0,0,9998.111818,0.039734
518024951,1,10,3000,1000,600,3.3,10000,4,9,23999,20936,1342,230,1491,0,9998.111768,0.039736
518024951,1,10,4000,1000,600,3.3,10000,4,9,23999,17182,1261,217,5339,0,9998.111597,0.039739
518024951,1,10,5000,1000,600,3.3,10000,4,9,23999,13992,1134,180,8693,0,9998.111704,0.039737
518024951,1,10,6000,1000,600,3.3,10000,4,9,23999,11226,928,140,11705,0,9998.111658,0.039738
518024951,1,10,8000,1000,600,3.3,10000,4,9,23999,6509,413,53,17024,0,9998.111840,0.039734
652227427,1,10,2000,1000,600,3.3,10000,4,9,23997,22257,1469,271,0,0,9998.103868,0.039902
652227427,1,10,3000,1000,600,3.3,10000,4,9,23997,20692,1443,266,1596,0,9998.103855,0.039902
652227427,1,10,4000,1000,600,3.3,10000,4,9,23998,17194,1346,246,5212,0,9998.103731,0.039905
652227427,1,10,5000,1000,600,3.3,10000,4,9,23998,14033,1231,220,8514,0,9998.103670,0.039906
652227427,1,10,6000,1000,600,3.3,10000,4,9,23998,11020,1002,164,11812,0,9998.103670,0.039906
652227427,1,10,8000,1000,600,3.3,10000,4,9,23999,6642,397,63,16897,0,9998.103366,0.039912
2447348191,1,10,2000,1000,600,3.3,10000,4,9,23999,22138,1545,316,0,0,9998.053213,0.040968
2447348191,1,10,3000,1000,600,3.3,10000,4,9,23999,20857,1510,307,1325,0,9998.053205,0.040968
2447348191,1,10,4000,1000,600,3.3,10000,4,9,23999,17395,1405,289,4910,0,9998.052699,0.040979
2447348191,1,10,5000,1000,600,3.3,10000,4,9,23999,14095,1249,251,8404,0,9998.052942,0.040973
2447348191,1,10,6000,1000,600,3.3,10000,4,9,24000,11262,1068,187,11483,0,9998.053125,0.040970
2447348191,1,10,8000,1000,600,3.3,10000,4,9,24000,6670,460,66,16804,0,9998.053125,0.040970
2314927680,1,27,2000,1000,600,3.3,10000,4,9,24000,22905,1094,1,0,0,9999.696658,0.006383
2314927680,1,27,3000,1000,600,3.3,10000,4,9,24000,15328,578,1,8093,0,9999.696715,0.006382
2314927680,1,27,4000,1000,600,3.3,10000,4,9,24000,8764,182,0,15054,0,9999.696715,0.006382
2314927680,1,27,5000,1000,600,3.3,10000,4,9,24000,5457,81,0,18462,0,9999.696721,0.006382
2314927680,1,27,6000,1000,600,3.3,10000,4,9,24000,3766,44,0,20190,0,9999.696721,0.006382
2314927680,1,27,8000,1000,600,3.3,10000,4,9,24000,2189,13,0,21798,0,9999.696721,0.006382
861648815,1,27,2000,1000,600,3.3,10000,4,9,24000,23022,976,2,0,0,9999.696670,0.006383
861648815,1,27,3000,1000,600,3.3,10000,4,9,24000,15276,492,0,8232,0,9999.696752,0.006381
861648815,1,27,4000,1000,600,3.3,10000,4,9,24000,8864,160,0,14976,0,9999.696778,0.006381
861648815,1,27,5000,1000,600,3.3,10000,4,9,24000,5580,66,0,18354,0,9999.696778,0.006381
861648815,1,27,6000,1000,600,3.3,10000,4,9,24000,3945,39,0,20016,0,9999.696778,0.006381
861648815,1,27,8000,1000,600,3.3,10000,4,9,24000,2039,1,0,21960,0,9999.696778,0.006381
716359404,1,27,2000,1000,600,3.3,10000,4,9,24000,22824,1174,2,0,0,9999.696623,0.006384
716359404,1,27,3000,1000,600,3.3,10000,4,9,24000,15301,550,1,8148,0,9999.696654,0.006384
716359404,1,27,4000,1000,600,3.3,10000,4,9,24000,8806,182,0,15012,0,9999.696670,0.006383
716359404,1,27,5000,1000,600,3.3,10000,4,9,24000,5722,104,0,18174,0,9999.696673,0.006383
716359404,1,27,6000,1000,600,3.3,10000,4,9,24000,4107,57,0,19836,0,9999.696673,0.006383
716359404,1,27,8000,1000,600,3.3,10000,4,9,24000,2374,32,0,21594,0,9999.696673,0.006383
518024951,1,27,2000,1000,600,3.3,10000,4,9,23999,22797,1199,3,0,0,9999.696658,0.006383
518024951,1,27,3000,1000,600,3.3,10000,4,9,23999,15269,599,2,8129,0,9999.696734,0.006382
518024951,1,27,4000,1000,600,3.3,10000,4,9,23999,8643,205,1,15150,0,9999.696750,0.006382
518024951,1,27,5000,1000,600,3.3,10000,4,9,24000,5395,83,0,18522,0,9999.696750,0.006382
518024951,1,27,6000,1000,600,3.3,10000,4,9,24000,3820,38,0,20142,0,9999.696750,0.006382
518024951,1,27,8000,1000,600,3.3,10000,4,9,24000,2064,12,0,21924,0,9999.696750,0.006382
652227427,1,27,2000,1000,600,3.3,10000,4,9,24000,22882,1112,6,0,0,9999.696652,0.006384
652227427,1,27,3000,1000,600,3.3,10000,4,9,24000,14935,537,3,8525,0,9999.696744,0.006382
652227427,1,27,4000,1000,600,3.3,10000,4,9,24000,8629,161,0,15210,0,9999.696744,0.006382
652227427,1,27,5000,1000,600,3.3,10000,4,9,24000,5586,36,0,18378,0,9999.696750,0.006382
652227427,1,27,6000,1000,600,3.3,10000,4,9,24000,3836,22,0,20142,0,9999.696750,0.006382
652227427,1,27,8000,1000,600,3.3,10000,4,9,24000,2244,12,0,21744,0,9999.696750,0.006382
2447348191,1,27,2000,1000,600,3.3,10000,4,9,24000,23050,946,4,0,0,9999.696655,0.006384
2447348191,1,27,3000,1000,600,3.3,10000,4,9,24000,15258,537,4,8201,0,9999.696750,0.006382
2447348191,1,27,4000,1000,600,3.3,10000,4,9,24000,8725,203,0,15072,0,9999.696750,0.006382
2447348191,1,27,5000,1000,600,3.3,10000,4,9,24000,5629,77,0,18294,0,9999.696750,0.006382
2447348191,1,27,6000,1000,600,3.3,10000,4,9,24000,3898,32,0,20070,0,9999.696750,0.006382
2447348191,1,27,8000,1000,600,3.3,10000,4,9,24000,2019,3,0,21978,0,9999.696750,0.006382
2314927680,1,32,2000,1000,600,3.3,10000,4,9,23998,8403,13587,2008,0,0,9994.667957,0.112206
2314927680,1,32,3000,1000,600,3.3,10000,4,9,23998,8402,13588,2008,0,0,9994.667957,0.112206
2314927680,1,32,4000,1000,600,3.3,10000,4,9,23998,8403,13587,2008,0,0,9994.666376,0.112240
2314927680,1,32,5000,1000,600,3.3,10000,4,9,23998,8403,13587,2008,0,0,9994.665829,0.112251
2314927680,1,32,6000,1000,600,3.3,10000,4,9,23998,8403,13587,2008,0,0,9994.666133,0.112245
2314927680,1,32,8000,1000,600,3.3,10000,4,9,23997,6604,7663,825,8905,0,9994.666680,0.112233
861648815,1,32,2000,1000,600,3.3,10000,4,9,23999,8410,13538,2051,0,0,9994.668747,0.112190
861648815,1,32,3000,1000,600,3.3,10000,4,9,23999,8409,13539,2051,0,0,9994.668747,0.112190
861648815,1,32,4000,1000,600,3.3,10000,4,9,23999,8409,13539,2051,0,0,9994.667835,0.112209
861648815,1,32,5000,1000,600,3.3,10000,4,9,23999,8409,13539,2051,0,0,9994.666620,0.112234
861648815,1,32,6000,1000,600,3.3,10000,4,9,23999,8409,13539,2051,0,0,9994.666984,0.112227
861648815,1,32,8000,1000,600,3.3,10000,4,9,24000,6660,7691,852,8797,0,9994.667227,0.112222
716359404,1,32,2000,1000,600,3.3,10000,4,9,23999,8408,13478,2113,0,0,9994.667472,0.112217
716359404,1,32,3000,1000,600,3.3,10000,4,9,23999,8409,13477,2113,0,0,9994.667472,0.112217
716359404,1,32,4000,1000,600,3.3,10000,4,9,23999,8409,13477,2113,0,0,9994.666195,0.112243
716359404,1,32,5000,1000,600,3.3,10000,4,9,23999,8410,13476,2113,0,0,9994.665405,0.112260
716359404,1,32,6000,1000,600,3.3,10000,4,9,23999,8410,13476,2113,0,0,9994.665041,0.112268
716359404,1,32,8000,1000,600,3.3,10000,4,9,23999,6722,7678,879,8720,0,9994.665831,0.112251
518024951,1,32,2000,1000,600,3.3,10000,4,9,23999,8319,13404,2276,0,0,9994.668567,0.112193
518024951,1,32,3000,1000,600,3.3,10000,4,9,23999,8319,13404,2276,0,0,9994.668567,0.112193
518024951,1,32,4000,1000,600,3.3,10000,4,9,23999,8319,13404,2276,0,0,9994.667899,0.112208
518024951,1,32,5000,1000,600,3.3,10000,4,9,23999,8319,13404,2276,0,0,9994.665589,0.112256
518024951,1,32,6000,1000,600,3.3,10000,4,9,23999,8319,13404,2276,0,0,9994.665893,0.112250
518024951,1,32,8000,1000,600,3.3,10000,4,9,23999,6594,7669,978,8758,0,9994.667169,0.112223
652227427,1,32,2000,1000,600,3.3,10000,4,9,23998,8447,13503,2048,0,0,9994.668176,0.112202
652227427,1,32,3000,1000,600,3.3,10000,4,9,23998,8447,13503,2048,0,0,9994.668176,0.112202
652227427,1,32,4000,1000,600,3.3,10000,4,9,23998,8447,13503,2048,0,0,9994.667872,0.112208
652227427,1,32,5000,1000,600,3.3,10000,4,9,23998,8447,13503,2048,0,0,9994.666413,0.112239
652227427,1,32,6000,1000,600,3.3,10000,4,9,23998,8447,13503,2048,0,0,9994.667021,0.112226
652227427,1,32,8000,1000,600,3.3,10000,4,9,23998,6570,7531,841,9056,0,9994.667143,0.112223
2447348191,1,32,2000,1000,600,3.3,10000,4,9,23997,8487,13649,1861,0,0,9994.668528,0.112194
2447348191,1,32,3000,1000,600,3.3,10000,4,9,23997,8488,13648,1861,0,0,9994.668528,0.112194
2447348191,1,32,4000,1000,600,3.3,10000,4,9,23997,8488,13648,1861,0,0,9994.667434,0.112217
2447348191,1,32,5000,1000,600,3.3,10000,4,9,23997,8488,13648,1861,0,0,9994.666036,0.112247
2447348191,1,32,6000,1000,600,3.3,10000,4,9,23997,8488,13648,1861,0,0,9994.666036,0.112247
2447348191,1,32,8000,1000,600,3.3,10000,4,9,23997,6718,7584,797,8898,0,9994.666401,0.112239

861648815,1,1,2000,1000,600,3.3,10000,16,9,9995.500407,0.023672
861648815,1,1,3000,1000,600,3.3,10000,16,9,9995.211315,0.025193
861648815,1,1,4000,1000,600,3.3,10000,16,9,9993.679405,0.033252
861648815,1,1,5000,1000,600,3.3,10000,16,9,9993.679680,0.033251
861648815,1,1,6000,1000,600,3.3,10000,16,9,9993.146712,0.036055
861648815,1,1,8000,1000,600,3.3,10000,16,9,9995.500622,0.023671
716359404,1,1,2000,1000,600,3.3,10000,16,9,9995.528289,0.023525
716359404,1,1,3000,1000,600,3.3,10000,16,9,9995.528213,0.023526
716359404,1,1,4000,1000,600,3.3,10000,16,9,9993.706494,0.033110
716359404,1,1,5000,1000,600,3.3,10000,16,9,9993.706337,0.033111
716359404,1,1,6000,1000,600,3.3,10000,16,9,9993.175073,0.035906
716359404,1,1,8000,1000,600,3.3,10000,16,9,9995.528070,0.023527
518024951,1,1,2000,1000,600,3.3,10000,16,9,9995.512962,0.023606
518024951,1,1,3000,1000,600,3.3,10000,16,9,9995.512955,0.023606
518024951,1,1,4000,1000,600,3.3,10000,16,9,9993.691574,0.033188
518024951,1,1,5000,1000,600,3.3,10000,16,9,9993.691370,0.033189
518024951,1,1,6000,1000,600,3.3,10000,16,9,9993.159716,0.035986
518024951,1,1,8000,1000,600,3.3,10000,16,9,9995.513057,0.023606
652227427,1,1,2000,1000,600,3.3,10000,16,9,9995.511211,0.023615
652227427,1,1,3000,1000,600,3.3,10000,16,9,9995.231094,0.025089
652227427,1,1,4000,1000,600,3.3,10000,16,9,9993.689639,0.033198
652227427,1,1,5000,1000,600,3.3,10000,16,9,9993.689027,0.033202
652227427,1,1,6000,1000,600,3.3,10000,16,9,9993.158398,0.035993
652227427,1,1,8000,1000,600,3.3,10000,16,9,9995.511420,0.023614
861648815,1,1,2000,1000,600,3.3,10000,16,9,9995.506450,0.023640
861648815,1,1,3000,1000,600,3.3,10000,16,9,9995.194258,0.025283
861648815,1,1,4000,1000,600,3.3,10000,16,9,9993.685559,0.033220
861648815,1,1,5000,1000,600,3.3,10000,16,9,9993.685028,0.033223
861648815,1,1,6000,1000,600,3.3,10000,16,9,9993.153694,0.036018
861648815,1,1,8000,1000,600,3.3,10000,16,9,9993.777689,0.032735
716359404,1,1,2000,1000,600,3.3,10000,16,9,9995.170809,0.025406
716359404,1,1,3000,1000,600,3.3,10000,16,9,9995.172427,0.025398
716359404,1,1,4000,1000,600,3.3,10000,16,9,9993.708044,0.033102
716359404,1,1,5000,1000,600,3.3,10000,16,9,9993.707674,0.033104
716359404,1,1,6000,1000,600,3.3,10000,16,9,9993.175585,0.035903
716359404,1,1,8000,1000,600,3.3,10000,16,9,9993.796017,0.032639
518024951,1,1,2000,1000,600,3.3,10000,16,9,9995.369987,0.024358
518024951,1,1,3000,1000,600,3.3,10000,16,9,9995.169795,0.025411
518024951,1,1,4000,1000,600,3.3,10000,16,9,9993.696868,0.033160
518024951,1,1,5000,1000,600,3.3,10000,16,9,9993.696871,0.033160
518024951,1,1,6000,1000,600,3.3,10000,16,9,9993.165158,0.035958
518024951,1,1,8000,1000,600,3.3,10000,16,9,9993.705153,0.033117
652227427,1,1,2000,1000,600,3.3,10000,16,9,9995.466003,0.023853
652227427,1,1,3000,1000,600,3.3,10000,16,9,9995.157763,0.025475
652227427,1,1,4000,1000,600,3.3,10000,16,9,9993.692561,0.033183
652227427,1,1,5000,1000,600,3.3,10000,16,9,9993.692941,0.033181
652227427,1,1,6000,1000,600,3.3,10000,16,9,9993.161465,0.035977
652227427,1,1,8000,1000,600,3.3,10000,16,9,9993.705504,0.033115
861648815,1,1,2000,1000,600,3.3,10000,16,9,
861648815,1,1,2000,1000,600,3.3,10000,16,9,9995.506450,0.023640
861648815,1,1,3000,1000,600,3.3,10000,16,9,9995.506599,0.023640
861648815,1,1,4000,1000,600,3.3,10000,16,9,9995.506626,0.023639
861648815,1,1,5000,1000,600,3.3,10000,16,9,9995.506363,0.023641
861648815,1,1,6000,1000,600,3.3,10000,16,9,9995.506457,0.023640
861648815,1,1,8000,1000,600,3.3,10000,16,9,9995.506527,0.023640
716359404,1,1,2000,1000,600,3.3,10000,16,9,9995.529361,0.023520
716359404,1,1,3000,1000,600,3.3,10000,16,9,9995.529275,0.023520
716359404,1,1,4000,1000,600,3.3,10000,16,9,9995.529266,0.023520
716359404,1,1,5000,1000,600,3.3,10000,16,9,9995.529092,0.023521
716359404,1,1,6000,1000,600,3.3,10000,16,9,9995.528841,0.023523
716359404,1,1,8000,1000,600,3.3,10000,16,9,9995.529061,0.023521
518024951,1,1,2000,1000,600,3.3,10000,16,9,9995.517997,0.023580
518024951,1,1,3000,1000,600,3.3,10000,16,9,9995.518070,0.023579
518024951,1,1,4000,1000,600,3.3,10000,16,9,9995.518171,0.023579
518024951,1,1,5000,1000,600,3.3,10000,16,9,9995.518085,0.023579
518024951,1,1,6000,1000,600,3.3,10000,16,9,9995.517916,0.023580
518024951,1,1,8000,1000,600,3.3,10000,16,9,9995.517936,0.023580
652227427,1,1,2000,1000,600,3.3,10000,16,9,9995.514613,0.023597
652227427,1,1,3000,1000,600,3.3,10000,16,9,9995.514651,0.023597
652227427,1,1,4000,1000,600,3.3,10000,16,9,9995.514267,0.023599
652227427,1,1,5000,1000,600,3.3,10000,16,9,9995.514452,0.023598
652227427,1,1,6000,1000,600,3.3,10000,16,9,9995.514707,0.023597
652227427,1,1,8000,1000,600,3.3,10000,16,9,9995.514677,0.023597