RunSeed,Seed,packetSize,N,d,P_0,sigma,Algoritmo,Radius,nDevices,appPeriodsSeconds,batteryVoltage,batteryEnergyInit,hours,TxPowerdBm,PHYTotal,PHYSuccessful,PHYInterfered,PHYNoMoreReceivers,PHYUnderSensitivity,PHYLostBecauseTX,batteryEnergyFinal
2314927680,1,23,0,1,2000,1000,600,3.3,10000,4,6,24000,22851,744,77,328,0,9999.04
2314927680,1,23,0,1,3000,1000,600,3.3,10000,4,6,23998,19297,1717,325,2659,0,9998.14
2314927680,1,23,0,1,4000,1000,600,3.3,10000,4,6,23998,14473,5059,834,3632,0,9996.9
2314927680,1,23,0,1,5000,1000,600,3.3,10000,4,6,23997,11371,7517,1153,3956,0,9996.29
2314927680,1,23,0,1,6000,1000,600,3.3,10000,4,6,23999,8522,5985,763,8729,0,9995.94
2314927680,1,23,0,1,8000,1000,600,3.3,10000,4,6,23999,5633,3203,308,14855,0,9995.61
861648815,1,23,0,1,2000,1000,600,3.3,10000,4,6,23999,22843,791,74,291,0,9999.03
861648815,1,23,0,1,3000,1000,600,3.3,10000,4,6,23999,19132,1877,346,2644,0,9998.07
861648815,1,23,0,1,4000,1000,600,3.3,10000,4,6,23998,14085,5296,922,3695,0,9996.85
861648815,1,23,0,1,5000,1000,600,3.3,10000,4,6,23997,10802,7962,1217,4016,0,9996.26
861648815,1,23,0,1,6000,1000,600,3.3,10000,4,6,23998,8081,6080,725,9112,0,9995.95
861648815,1,23,0,1,8000,1000,600,3.3,10000,4,6,23999,5495,3203,318,14983,0,9995.64
716359404,1,23,0,1,2000,1000,600,3.3,10000,4,6,23998,22773,819,109,297,0,9999.04
716359404,1,23,0,1,3000,1000,600,3.3,10000,4,6,23998,19191,1825,320,2662,0,9998.13
716359404,1,23,0,1,4000,1000,600,3.3,10000,4,6,23998,14432,5031,861,3674,0,9996.87
716359404,1,23,0,1,5000,1000,600,3.3,10000,4,6,23998,10897,7990,1191,3920,0,9996.24
716359404,1,23,0,1,6000,1000,600,3.3,10000,4,6,23998,8166,6136,752,8944,0,9995.9
716359404,1,23,0,1,8000,1000,600,3.3,10000,4,6,23998,5485,3313,328,14872,0,9995.54
518024951,1,23,0,1,2000,1000,600,3.3,10000,4,6,24000,22802,781,81,336,0,9999.03
518024951,1,23,0,1,3000,1000,600,3.3,10000,4,6,24000,19070,1956,308,2666,0,9998.13
518024951,1,23,0,1,4000,1000,600,3.3,10000,4,6,23999,14027,5318,870,3784,0,9996.85
518024951,1,23,0,1,5000,1000,600,3.3,10000,4,6,23998,10895,7956,1103,4044,0,9996.27
518024951,1,23,0,1,6000,1000,600,3.3,10000,4,6,23998,8050,6201,683,9064,0,9995.94
518024951,1,23,0,1,8000,1000,600,3.3,10000,4,6,23999,5357,3300,269,15073,0,9995.58
652227427,1,23,0,1,2000,1000,600,3.3,10000,4,6,23999,23076,541,61,321,0,9999.03
652227427,1,23,0,1,3000,1000,600,3.3,10000,4,6,23999,19481,1680,315,2523,0,9998.1
652227427,1,23,0,1,4000,1000,600,3.3,10000,4,6,23999,14482,5151,847,3519,0,9996.84
652227427,1,23,0,1,5000,1000,600,3.3,10000,4,6,23999,10760,8296,1215,3728,0,9996.19
652227427,1,23,0,1,6000,1000,600,3.3,10000,4,6,23999,8054,6410,772,8763,0,9995.87
652227427,1,23,0,1,8000,1000,600,3.3,10000,4,6,24000,5453,3298,307,14942,0,9995.58
2447348191,1,23,0,1,2000,1000,600,3.3,10000,4,6,24000,22847,749,64,340,0,9999.02
2447348191,1,23,0,1,3000,1000,600,3.3,10000,4,6,24000,19205,1861,331,2603,0,9998.09
2447348191,1,23,0,1,4000,1000,600,3.3,10000,4,6,23999,14109,5300,947,3643,0,9996.85
2447348191,1,23,0,1,5000,1000,600,3.3,10000,4,6,23999,10981,7896,1260,3862,0,9996.25
2447348191,1,23,0,1,6000,1000,600,3.3,10000,4,6,24000,8166,6112,833,8889,0,9995.9
2447348191,1,23,0,1,8000,1000,600,3.3,10000,4,6,24000,5518,3185,352,14945,0,9995.59
4276470015,1,23,0,1,2000,1000,600,3.3,10000,4,6,24000,22760,819,70,351,0,9999.05
4276470015,1,23,0,1,3000,1000,600,3.3,10000,4,6,24000,19078,1938,294,2690,0,9998.17
4276470015,1,23,0,1,4000,1000,600,3.3,10000,4,6,24000,14199,5327,876,3598,0,9996.86
4276470015,1,23,0,1,5000,1000,600,3.3,10000,4,6,24000,11093,7833,1125,3949,0,9996.26
4276470015,1,23,0,1,6000,1000,600,3.3,10000,4,6,23999,8172,6252,714,8861,0,9995.89
4276470015,1,23,0,1,8000,1000,600,3.3,10000,4,6,23999,5421,3239,281,15058,0,9995.59
2314927680,1,23,0,2,2000,1000,600,3.3,10000,4,6,24000,22424,679,38,859,0,9999.23
2314927680,1,23,0,2,3000,1000,600,3.3,10000,4,6,24000,13700,328,27,9945,0,9999.23
2314927680,1,23,0,2,4000,1000,600,3.3,10000,4,6,24000,9089,188,13,14710,0,9999.23
2314927680,1,23,0,2,5000,1000,600,3.3,10000,4,6,24000,6303,120,6,17571,0,9999.23
2314927680,1,23,0,2,6000,1000,600,3.3,10000,4,6,24000,4397,59,1,19543,0,9999.23
2314927680,1,23,0,2,8000,1000,600,3.3,10000,4,6,24000,2502,10,0,21488,0,9999.23
861648815,1,23,0,2,2000,1000,600,3.3,10000,4,6,23999,22254,859,38,848,0,9999.23
861648815,1,23,0,2,3000,1000,600,3.3,10000,4,6,23999,13633,331,24,10011,0,9999.23
861648815,1,23,0,2,4000,1000,600,3.3,10000,4,6,23999,9115,173,18,14693,0,9999.23
861648815,1,23,0,2,5000,1000,600,3.3,10000,4,6,23999,6254,97,13,17635,0,9999.23
861648815,1,23,0,2,6000,1000,600,3.3,10000,4,6,23999,4366,53,5,19575,0,9999.23
861648815,1,23,0,2,8000,1000,600,3.3,10000,4,6,24000,2505,17,2,21476,0,9999.23
716359404,1,23,0,2,2000,1000,600,3.3,10000,4,6,23998,22408,752,67,771,0,9999.23
716359404,1,23,0,2,3000,1000,600,3.3,10000,4,6,23998,13567,358,50,10023,0,9999.23
716359404,1,23,0,2,4000,1000,600,3.3,10000,4,6,23998,8987,191,31,14789,0,9999.23
716359404,1,23,0,2,5000,1000,600,3.3,10000,4,6,23998,6202,104,16,17676,0,9999.23
716359404,1,23,0,2,6000,1000,600,3.3,10000,4,6,23998,4283,57,9,19649,0,9999.23
716359404,1,23,0,2,8000,1000,600,3.3,10000,4,6,23999,2429,18,2,21550,0,9999.23
518024951,1,23,0,2,2000,1000,600,3.3,10000,4,6,24000,22448,612,49,891,0,9999.23
518024951,1,23,0,2,3000,1000,600,3.3,10000,4,6,24000,13630,276,35,10059,0,9999.23
518024951,1,23,0,2,4000,1000,600,3.3,10000,4,6,24000,9003,133,19,14845,0,9999.23
518024951,1,23,0,2,5000,1000,600,3.3,10000,4,6,24000,6188,82,11,17719,0,9999.23
518024951,1,23,0,2,6000,1000,600,3.3,10000,4,6,24000,4318,47,6,19629,0,9999.23
518024951,1,23,0,2,8000,1000,600,3.3,10000,4,6,24000,2511,14,2,21473,0,9999.23
652227427,1,23,0,2,2000,1000,600,3.3,10000,4,6,23999,22550,529,37,883,0,9999.23
652227427,1,23,0,2,3000,1000,600,3.3,10000,4,6,23999,13792,231,29,9947,0,9999.23
652227427,1,23,0,2,4000,1000,600,3.3,10000,4,6,23999,9043,115,21,14820,0,9999.23
652227427,1,23,0,2,5000,1000,600,3.3,10000,4,6,23999,6190,72,14,17723,0,9999.23
652227427,1,23,0,2,6000,1000,600,3.3,10000,4,6,23999,4309,43,2,19645,0,9999.23
652227427,1,23,0,2,8000,1000,600,3.3,10000,4,6,24000,2370,17,1,21612,0,9999.23
2447348191,1,23,0,2,2000,1000,600,3.3,10000,4,6,24000,22446,648,39,867,0,9999.23
2447348191,1,23,0,2,3000,1000,600,3.3,10000,4,6,24000,13667,267,25,10041,0,9999.23
2447348191,1,23,0,2,4000,1000,600,3.3,10000,4,6,24000,9054,177,21,14748,0,9999.23
2447348191,1,23,0,2,5000,1000,600,3.3,10000,4,6,24000,6237,120,14,17629,0,9999.23
2447348191,1,23,0,2,6000,1000,600,3.3,10000,4,6,24000,4364,69,11,19556,0,9999.23
2447348191,1,23,0,2,8000,1000,600,3.3,10000,4,6,24000,2454,21,3,21522,0,9999.23
4276470015,1,23,0,2,2000,1000,600,3.3,10000,4,6,24000,22384,661,47,908,0,9999.23
4276470015,1,23,0,2,3000,1000,600,3.3,10000,4,6,24000,13561,303,41,10095,0,9999.23
4276470015,1,23,0,2,4000,1000,600,3.3,10000,4,6,24000,8959,189,32,14820,0,9999.23
4276470015,1,23,0,2,5000,1000,600,3.3,10000,4,6,24000,6101,138,25,17736,0,9999.23
4276470015,1,23,0,2,6000,1000,600,3.3,10000,4,6,24000,4245,82,14,19659,0,9999.23
4276470015,1,23,0,2,8000,1000,600,3.3,10000,4,6,24000,2417,32,6,21545,0,9999.23
2314927680,1,23,0,3,2000,1000,600,3.3,10000,4,6,24000,22453,600,17,930,0,9999.47
2314927680,1,23,0,3,3000,1000,600,3.3,10000,4,6,24000,12986,222,9,10783,0,9999.47
2314927680,1,23,0,3,4000,1000,600,3.3,10000,4,6,24000,8020,100,4,15876,0,9999.47
2314927680,1,23,0,3,5000,1000,600,3.3,10000,4,6,24000,5283,51,1,18665,0,9999.47
2314927680,1,23,0,3,6000,1000,600,3.3,10000,4,6,24000,3671,24,0,20305,0,9999.47
2314927680,1,23,0,3,8000,1000,600,3.3,10000,4,6,24000,2054,4,0,21942,0,9999.47
861648815,1,23,0,3,2000,1000,600,3.3,10000,4,6,23999,22225,837,17,920,0,9999.46
861648815,1,23,0,3,3000,1000,600,3.3,10000,4,6,23999,12856,260,6,10877,0,9999.46
861648815,1,23,0,3,4000,1000,600,3.3,10000,4,6,23999,7997,88,2,15912,0,9999.47
861648815,1,23,0,3,5000,1000,600,3.3,10000,4,6,23999,5233,45,2,18719,0,9999.47
861648815,1,23,0,3,6000,1000,600,3.3,10000,4,6,23999,3635,27,2,20335,0,9999.47
861648815,1,23,0,3,8000,1000,600,3.3,10000,4,6,24000,2110,8,0,21882,0,9999.47
716359404,1,23,0,3,2000,1000,600,3.3,10000,4,6,24000,22374,745,35,846,0,9999.46
716359404,1,23,0,3,3000,1000,600,3.3,10000,4,6,24000,12808,285,21,10886,0,9999.46
716359404,1,23,0,3,4000,1000,600,3.3,10000,4,6,24000,7904,97,7,15992,0,9999.46
716359404,1,23,0,3,5000,1000,600,3.3,10000,4,6,24000,5161,40,4,18795,0,9999.46
716359404,1,23,0,3,6000,1000,600,3.3,10000,4,6,24000,3597,17,3,20383,0,9999.46
716359404,1,23,0,3,8000,1000,600,3.3,10000,4,6,24000,2053,5,1,21941,0,9999.46
518024951,1,23,0,3,2000,1000,600,3.3,10000,4,6,24000,22399,621,13,967,0,9999.46
518024951,1,23,0,3,3000,1000,600,3.3,10000,4,6,24000,12882,211,7,10900,0,9999.46
518024951,1,23,0,3,4000,1000,600,3.3,10000,4,6,24000,7844,62,2,16092,0,9999.46
518024951,1,23,0,3,5000,1000,600,3.3,10000,4,6,24000,5176,29,1,18794,0,9999.46
518024951,1,23,0,3,6000,1000,600,3.3,10000,4,6,24000,3627,17,1,20355,0,9999.46
518024951,1,23,0,3,8000,1000,600,3.3,10000,4,6,24000,2060,6,1,21933,0,9999.46
652227427,1,23,0,3,2000,1000,600,3.3,10000,4,6,23999,22547,477,19,956,0,9999.46
652227427,1,23,0,3,3000,1000,600,3.3,10000,4,6,23999,13030,139,11,10819,0,9999.46
652227427,1,23,0,3,4000,1000,600,3.3,10000,4,6,23999,7886,43,5,16065,0,9999.46
652227427,1,23,0,3,5000,1000,600,3.3,10000,4,6,23999,5166,22,0,18811,0,9999.46
652227427,1,23,0,3,6000,1000,600,3.3,10000,4,6,23999,3540,12,0,20447,0,9999.46
652227427,1,23,0,3,8000,1000,600,3.3,10000,4,6,24000,1979,5,0,22016,0,9999.46
2447348191,1,23,0,3,2000,1000,600,3.3,10000,4,6,24000,22413,630,17,940,0,9999.46
2447348191,1,23,0,3,3000,1000,600,3.3,10000,4,6,24000,12904,189,10,10897,0,9999.46
2447348191,1,23,0,3,4000,1000,600,3.3,10000,4,6,24000,7921,90,7,15982,0,9999.46
2447348191,1,23,0,3,5000,1000,600,3.3,10000,4,6,24000,5233,39,7,18721,0,9999.46
2447348191,1,23,0,3,6000,1000,600,3.3,10000,4,6,24000,3664,13,4,20319,0,9999.46
2447348191,1,23,0,3,8000,1000,600,3.3,10000,4,6,24000,2017,7,2,21974,0,9999.46
4276470015,1,23,0,3,2000,1000,600,3.3,10000,4,6,24000,22400,590,25,985,0,9999.47
4276470015,1,23,0,3,3000,1000,600,3.3,10000,4,6,24000,12883,167,17,10933,0,9999.47
4276470015,1,23,0,3,4000,1000,600,3.3,10000,4,6,24000,7878,59,13,16050,0,9999.47
4276470015,1,23,0,3,5000,1000,600,3.3,10000,4,6,24000,5104,30,8,18858,0,9999.47
4276470015,1,23,0,3,6000,1000,600,3.3,10000,4,6,24000,3563,18,4,20415,0,9999.47
4276470015,1,23,0,3,8000,1000,600,3.3,10000,4,6,24000,2008,6,0,21986,0,9999.47
2314927680,1,23,0,4,2000,1000,600,3.3,10000,4,6,24000,22542,622,32,804,0,9999.27
2314927680,1,23,0,4,3000,1000,600,3.3,10000,4,6,24000,13503,287,21,10189,0,9999.27
2314927680,1,23,0,4,4000,1000,600,3.3,10000,4,6,24000,8826,162,13,14999,0,9999.27
2314927680,1,23,0,4,5000,1000,600,3.3,10000,4,6,24000,6133,110,7,17750,0,9999.27
2314927680,1,23,0,4,6000,1000,600,3.3,10000,4,6,24000,4228,57,1,19714,0,9999.27
2314927680,1,23,0,4,8000,1000,600,3.3,10000,4,6,24000,2408,10,0,21582,0,9999.27
861648815,1,23,0,4,2000,1000,600,3.3,10000,4,6,23999,22423,739,37,800,0,9999.27
861648815,1,23,0,4,3000,1000,600,3.3,10000,4,6,23999,13456,249,20,10274,0,9999.27
861648815,1,23,0,4,4000,1000,600,3.3,10000,4,6,23999,8849,121,16,15013,0,9999.27
861648815,1,23,0,4,5000,1000,600,3.3,10000,4,6,23999,6083,72,11,17833,0,9999.27
861648815,1,23,0,4,6000,1000,600,3.3,10000,4,6,23999,4220,42,5,19732,0,9999.27
861648815,1,23,0,4,8000,1000,600,3.3,10000,4,6,24000,2401,12,1,21586,0,9999.27
716359404,1,23,0,4,2000,1000,600,3.3,10000,4,6,23998,22529,685,70,714,0,9999.27
716359404,1,23,0,4,3000,1000,600,3.3,10000,4,6,23998,13350,315,49,10284,0,9999.27
716359404,1,23,0,4,4000,1000,600,3.3,10000,4,6,23998,8668,162,31,15137,0,9999.27
716359404,1,23,0,4,5000,1000,600,3.3,10000,4,6,23998,6020,91,15,17872,0,9999.27
716359404,1,23,0,4,6000,1000,600,3.3,10000,4,6,23998,4149,48,8,19793,0,9999.27
716359404,1,23,0,4,8000,1000,600,3.3,10000,4,6,23999,2371,13,2,21613,0,9999.27
518024951,1,23,0,4,2000,1000,600,3.3,10000,4,6,24000,22559,574,41,826,0,9999.27
518024951,1,23,0,4,3000,1000,600,3.3,10000,4,6,24000,13415,229,27,10329,0,9999.27
518024951,1,23,0,4,4000,1000,600,3.3,10000,4,6,24000,8648,103,14,15235,0,9999.27
518024951,1,23,0,4,5000,1000,600,3.3,10000,4,6,24000,6010,69,10,17911,0,9999.27
518024951,1,23,0,4,6000,1000,600,3.3,10000,4,6,24000,4194,42,5,19759,0,9999.27
518024951,1,23,0,4,8000,1000,600,3.3,10000,4,6,24000,2424,12,2,21562,0,9999.27
652227427,1,23,0,4,2000,1000,600,3.3,10000,4,6,23999,22670,486,33,810,0,9999.27
652227427,1,23,0,4,3000,1000,600,3.3,10000,4,6,23999,13591,207,24,10177,0,9999.27
652227427,1,23,0,4,4000,1000,600,3.3,10000,4,6,23999,8718,101,18,15162,0,9999.27
652227427,1,23,0,4,5000,1000,600,3.3,10000,4,6,23999,6007,63,13,17916,0,9999.27
652227427,1,23,0,4,6000,1000,600,3.3,10000,4,6,23999,4179,34,2,19784,0,9999.27
652227427,1,23,0,4,8000,1000,600,3.3,10000,4,6,24000,2274,14,1,21711,0,9999.27
2447348191,1,23,0,4,2000,1000,600,3.3,10000,4,6,24000,22540,624,36,800,0,9999.27
2447348191,1,23,0,4,3000,1000,600,3.3,10000,4,6,24000,13405,257,23,10315,0,9999.27
2447348191,1,23,0,4,4000,1000,600,3.3,10000,4,6,24000,8729,177,18,15076,0,9999.27
2447348191,1,23,0,4,5000,1000,600,3.3,10000,4,6,24000,6055,123,13,17809,0,9999.27
2447348191,1,23,0,4,6000,1000,600,3.3,10000,4,6,24000,4222,70,10,19698,0,9999.27
2447348191,1,23,0,4,8000,1000,600,3.3,10000,4,6,24000,2361,20,2,21617,0,9999.27
4276470015,1,23,0,4,2000,1000,600,3.3,10000,4,6,24000,22490,611,43,856,0,9999.27
4276470015,1,23,0,4,3000,1000,600,3.3,10000,4,6,24000,13370,254,37,10339,0,9999.27
4276470015,1,23,0,4,4000,1000,600,3.3,10000,4,6,24000,8662,155,30,15153,0,9999.27
4276470015,1,23,0,4,5000,1000,600,3.3,10000,4,6,24000,5925,117,24,17934,0,9999.27
4276470015,1,23,0,4,6000,1000,600,3.3,10000,4,6,24000,4111,74,14,19801,0,9999.27
4276470015,1,23,0,4,8000,1000,600,3.3,10000,4,6,24000,2326,28,6,21640,0,9999.27
2314927680,1,23,0,5,2000,1000,600,3.3,10000,4,6,24000,22654,795,25,526,0,9999.45
2314927680,1,23,0,5,3000,1000,600,3.3,10000,4,6,24000,18854,1314,190,3642,0,9998.41
2314927680,1,23,0,5,4000,1000,600,3.3,10000,4,6,23999,14477,4429,796,4297,0,9997.07
2314927680,1,23,0,5,5000,1000,600,3.3,10000,4,6,23997,11385,7224,1114,4274,0,9996.41
2314927680,1,23,0,5,6000,1000,600,3.3,10000,4,6,23998,8474,5810,762,8952,0,9996.04
2314927680,1,23,0,5,8000,1000,600,3.3,10000,4,6,23999,5619,3110,296,14974,0,9995.67
861648815,1,23,0,5,2000,1000,600,3.3,10000,4,6,24000,22591,868,28,513,0,9999.44
861648815,1,23,0,5,3000,1000,600,3.3,10000,4,6,23998,18617,1590,242,3549,0,9998.33
861648815,1,23,0,5,4000,1000,600,3.3,10000,4,6,23996,14100,4837,788,4271,0,9996.99
861648815,1,23,0,5,5000,1000,600,3.3,10000,4,6,23996,10972,7635,1144,4245,0,9996.35
861648815,1,23,0,5,6000,1000,600,3.3,10000,4,6,23998,8162,5888,746,9202,0,9996.02
861648815,1,23,0,5,8000,1000,600,3.3,10000,4,6,24000,5521,3139,321,15019,0,9995.67
716359404,1,23,0,5,2000,1000,600,3.3,10000,4,6,24000,22545,968,35,452,0,9999.45
716359404,1,23,0,5,3000,1000,600,3.3,10000,4,6,23998,18762,1433,322,3481,0,9998.39
716359404,1,23,0,5,4000,1000,600,3.3,10000,4,6,23998,14189,4761,883,4165,0,9997.02
716359404,1,23,0,5,5000,1000,600,3.3,10000,4,6,23998,11047,7675,1201,4075,0,9996.33
716359404,1,23,0,5,6000,1000,600,3.3,10000,4,6,23998,8289,5958,744,9007,0,9995.96
716359404,1,23,0,5,8000,1000,600,3.3,10000,4,6,23998,5541,3246,328,14883,0,9995.58
518024951,1,23,0,5,2000,1000,600,3.3,10000,4,6,24000,22624,830,23,523,0,9999.45
518024951,1,23,0,5,3000,1000,600,3.3,10000,4,6,24000,18920,1445,168,3467,0,9998.39
518024951,1,23,0,5,4000,1000,600,3.3,10000,4,6,23998,14257,4773,741,4227,0,9996.99
518024951,1,23,0,5,5000,1000,600,3.3,10000,4,6,23998,11015,7689,1091,4203,0,9996.36
518024951,1,23,0,5,6000,1000,600,3.3,10000,4,6,23999,8138,6000,693,9168,0,9996
518024951,1,23,0,5,8000,1000,600,3.3,10000,4,6,23999,5436,3150,257,15156,0,9995.62
652227427,1,23,0,5,2000,1000,600,3.3,10000,4,6,24000,22646,835,20,499,0,9999.44
652227427,1,23,0,5,3000,1000,600,3.3,10000,4,6,23999,19073,1464,199,3263,0,9998.34
652227427,1,23,0,5,4000,1000,600,3.3,10000,4,6,23999,14187,5064,809,3939,0,9996.97
652227427,1,23,0,5,5000,1000,600,3.3,10000,4,6,23999,10838,8135,1207,3819,0,9996.26
652227427,1,23,0,5,6000,1000,600,3.3,10000,4,6,23999,8067,6315,758,8859,0,9995.92
652227427,1,23,0,5,8000,1000,600,3.3,10000,4,6,24000,5517,3205,291,14987,0,9995.59
2447348191,1,23,0,5,2000,1000,600,3.3,10000,4,6,24000,22743,735,19,503,0,9999.44
2447348191,1,23,0,5,3000,1000,600,3.3,10000,4,6,23999,18760,1599,254,3386,0,9998.34
2447348191,1,23,0,5,4000,1000,600,3.3,10000,4,6,23998,13854,5106,944,4094,0,9996.98
2447348191,1,23,0,5,5000,1000,600,3.3,10000,4,6,23998,10635,7976,1323,4064,0,9996.32
2447348191,1,23,0,5,6000,1000,600,3.3,10000,4,6,23999,7965,6185,875,8974,0,9995.96
2447348191,1,23,0,5,8000,1000,600,3.3,10000,4,6,24000,5451,3227,354,14968,0,9995.62
4276470015,1,23,0,5,2000,1000,600,3.3,10000,4,6,24000,22688,748,19,545,0,9999.46
4276470015,1,23,0,5,3000,1000,600,3.3,10000,4,6,23999,18759,1458,250,3532,0,9998.43
4276470015,1,23,0,5,4000,1000,600,3.3,10000,4,6,23999,14149,4853,814,4183,0,9997.01
4276470015,1,23,0,5,5000,1000,600,3.3,10000,4,6,23999,11110,7496,1151,4242,0,9996.36
4276470015,1,23,0,5,6000,1000,600,3.3,10000,4,6,23999,8078,6116,751,9054,0,9995.96
4276470015,1,23,0,5,8000,1000,600,3.3,10000,4,6,23999,5383,3274,304,15038,0,9995.63
2314927680,1,23,0,6,2000,1000,600,3.3,10000,4,6,23997,17803,5204,966,24,0,9996.86
2314927680,1,23,0,6,3000,1000,600,3.3,10000,4,6,23997,16132,6222,1184,459,0,9996.52
2314927680,1,23,0,6,4000,1000,600,3.3,10000,4,6,23997,12663,8924,1510,900,0,9995.95
2314927680,1,23,0,6,5000,1000,600,3.3,10000,4,6,23996,10396,10518,1627,1455,0,9995.65
2314927680,1,23,0,6,6000,1000,600,3.3,10000,4,6,23998,8074,7495,977,7452,0,9995.5
2314927680,1,23,0,6,8000,1000,600,3.3,10000,4,6,23999,5615,3592,344,14448,0,9995.35
861648815,1,23,0,6,2000,1000,600,3.3,10000,4,6,23996,17730,5304,934,28,0,9996.85
861648815,1,23,0,6,3000,1000,600,3.3,10000,4,6,23996,15965,6427,1161,443,0,9996.49
861648815,1,23,0,6,4000,1000,600,3.3,10000,4,6,23996,12526,9023,1573,874,0,9995.93
861648815,1,23,0,6,5000,1000,600,3.3,10000,4,6,23996,10352,10434,1667,1543,0,9995.67
861648815,1,23,0,6,6000,1000,600,3.3,10000,4,6,23998,7969,7259,915,7855,0,9995.54
861648815,1,23,0,6,8000,1000,600,3.3,10000,4,6,23999,5504,3565,355,14575,0,9995.39
716359404,1,23,0,6,2000,1000,600,3.3,10000,4,6,23998,17559,5391,1021,27,0,9996.86
716359404,1,23,0,6,3000,1000,600,3.3,10000,4,6,23998,16176,6231,1166,425,0,9996.56
716359404,1,23,0,6,4000,1000,600,3.3,10000,4,6,23998,12693,8721,1488,1096,0,9996
716359404,1,23,0,6,5000,1000,600,3.3,10000,4,6,23998,10231,10478,1661,1628,0,9995.69
716359404,1,23,0,6,6000,1000,600,3.3,10000,4,6,23998,7894,7395,950,7759,0,9995.52
716359404,1,23,0,6,8000,1000,600,3.3,10000,4,6,23998,5443,3636,363,14556,0,9995.34
518024951,1,23,0,6,2000,1000,600,3.3,10000,4,6,23998,17955,5124,895,24,0,9996.85
518024951,1,23,0,6,3000,1000,600,3.3,10000,4,6,23998,16213,6246,1097,442,0,9996.54
518024951,1,23,0,6,4000,1000,600,3.3,10000,4,6,23997,12397,9039,1421,1140,0,9995.99
518024951,1,23,0,6,5000,1000,600,3.3,10000,4,6,23997,10239,10506,1510,1742,0,9995.72
518024951,1,23,0,6,6000,1000,600,3.3,10000,4,6,23998,7767,7464,820,7947,0,9995.56
518024951,1,23,0,6,8000,1000,600,3.3,10000,4,6,23999,5336,3599,289,14775,0,9995.38
652227427,1,23,0,6,2000,1000,600,3.3,10000,4,6,23999,17592,5431,952,24,0,9996.86
652227427,1,23,0,6,3000,1000,600,3.3,10000,4,6,23999,16048,6342,1139,470,0,9996.51
652227427,1,23,0,6,4000,1000,600,3.3,10000,4,6,23999,12147,9339,1461,1052,0,9995.93
652227427,1,23,0,6,5000,1000,600,3.3,10000,4,6,23999,9880,10961,1626,1532,0,9995.65
652227427,1,23,0,6,6000,1000,600,3.3,10000,4,6,23999,7678,7690,917,7714,0,9995.5
652227427,1,23,0,6,8000,1000,600,3.3,10000,4,6,24000,5414,3618,334,14634,0,9995.37
2447348191,1,23,0,6,2000,1000,600,3.3,10000,4,6,23998,17392,5534,1048,24,0,9996.85
2447348191,1,23,0,6,3000,1000,600,3.3,10000,4,6,23998,15746,6568,1266,418,0,9996.49
2447348191,1,23,0,6,4000,1000,600,3.3,10000,4,6,23998,12293,9047,1600,1058,0,9995.95
2447348191,1,23,0,6,5000,1000,600,3.3,10000,4,6,23998,10196,10424,1730,1648,0,9995.69
2447348191,1,23,0,6,6000,1000,600,3.3,10000,4,6,23999,7820,7358,1023,7798,0,9995.54
2447348191,1,23,0,6,8000,1000,600,3.3,10000,4,6,24000,5454,3533,392,14621,0,9995.4
4276470015,1,23,0,6,2000,1000,600,3.3,10000,4,6,23999,17772,5240,957,30,0,9996.86
4276470015,1,23,0,6,3000,1000,600,3.3,10000,4,6,23999,16431,5990,1132,446,0,9996.56
4276470015,1,23,0,6,4000,1000,600,3.3,10000,4,6,23999,12485,8972,1504,1038,0,9995.96
4276470015,1,23,0,6,5000,1000,600,3.3,10000,4,6,23999,10330,10417,1586,1666,0,9995.7
4276470015,1,23,0,6,6000,1000,600,3.3,10000,4,6,23999,7923,7445,906,7725,0,9995.53
4276470015,1,23,0,6,8000,1000,600,3.3,10000,4,6,23999,5442,3582,320,14655,0,9995.36
2314927680,1,23,0,7,2000,1000,600,3.3,10000,4,6,24000,21964,1574,253,209,0,9998.31
2314927680,1,23,0,7,3000,1000,600,3.3,10000,4,6,24000,18292,1488,241,3979,0,9998.31
2314927680,1,23,0,7,4000,1000,600,3.3,10000,4,6,24000,14288,1306,209,8197,0,9998.31
2314927680,1,23,0,7,5000,1000,600,3.3,10000,4,6,24000,10477,1008,159,12356,0,9998.31
2314927680,1,23,0,7,6000,1000,600,3.3,10000,4,6,24000,7284,537,76,16103,0,9998.31
2314927680,1,23,0,7,8000,1000,600,3.3,10000,4,6,24000,4200,179,25,19596,0,9998.31
861648815,1,23,0,7,2000,1000,600,3.3,10000,4,6,23998,21992,1507,263,236,0,9998.31
861648815,1,23,0,7,3000,1000,600,3.3,10000,4,6,23998,18293,1370,239,4096,0,9998.31
861648815,1,23,0,7,4000,1000,600,3.3,10000,4,6,23998,14372,1161,205,8260,0,9998.31
861648815,1,23,0,7,5000,1000,600,3.3,10000,4,6,23998,10430,909,133,12526,0,9998.31
861648815,1,23,0,7,6000,1000,600,3.3,10000,4,6,23999,7278,484,68,16169,0,9998.31
861648815,1,23,0,7,8000,1000,600,3.3,10000,4,6,24000,4188,187,28,19597,0,9998.31
716359404,1,23,0,7,2000,1000,600,3.3,10000,4,6,23998,22043,1416,351,188,0,9998.31
716359404,1,23,0,7,3000,1000,600,3.3,10000,4,6,23998,18231,1336,328,4103,0,9998.31
716359404,1,23,0,7,4000,1000,600,3.3,10000,4,6,23998,14262,1204,270,8262,0,9998.31
716359404,1,23,0,7,5000,1000,600,3.3,10000,4,6,23998,10284,925,183,12606,0,9998.31
716359404,1,23,0,7,6000,1000,600,3.3,10000,4,6,23998,7154,493,92,16259,0,9998.31
716359404,1,23,0,7,8000,1000,600,3.3,10000,4,6,23998,4118,170,37,19673,0,9998.31
518024951,1,23,0,7,2000,1000,600,3.3,10000,4,6,23999,22313,1253,204,229,0,9998.31
518024951,1,23,0,7,3000,1000,600,3.3,10000,4,6,23999,18626,1170,191,4012,0,9998.31
518024951,1,23,0,7,4000,1000,600,3.3,10000,4,6,23999,14454,1020,159,8366,0,9998.31
518024951,1,23,0,7,5000,1000,600,3.3,10000,4,6,23999,10437,773,108,12681,0,9998.31
518024951,1,23,0,7,6000,1000,600,3.3,10000,4,6,23999,7145,395,52,16407,0,9998.31
518024951,1,23,0,7,8000,1000,600,3.3,10000,4,6,23999,4151,123,14,19711,0,9998.31
652227427,1,23,0,7,2000,1000,600,3.3,10000,4,6,23999,22072,1499,217,211,0,9998.31
652227427,1,23,0,7,3000,1000,600,3.3,10000,4,6,23999,18343,1409,203,4044,0,9998.31
652227427,1,23,0,7,4000,1000,600,3.3,10000,4,6,23999,14251,1281,177,8290,0,9998.31
652227427,1,23,0,7,5000,1000,600,3.3,10000,4,6,23999,10221,1026,138,12614,0,9998.31
652227427,1,23,0,7,6000,1000,600,3.3,10000,4,6,23999,7134,537,68,16260,0,9998.31
652227427,1,23,0,7,8000,1000,600,3.3,10000,4,6,24000,4072,213,22,19693,0,9998.31
2447348191,1,23,0,7,2000,1000,600,3.3,10000,4,6,23999,22102,1394,287,216,0,9998.31
2447348191,1,23,0,7,3000,1000,600,3.3,10000,4,6,23999,18372,1288,261,4078,0,9998.31
2447348191,1,23,0,7,4000,1000,600,3.3,10000,4,6,23999,14371,1100,217,8311,0,9998.31
2447348191,1,23,0,7,5000,1000,600,3.3,10000,4,6,23999,10413,842,161,12583,0,9998.31
2447348191,1,23,0,7,6000,1000,600,3.3,10000,4,6,23999,7249,458,88,16204,0,9998.31
2447348191,1,23,0,7,8000,1000,600,3.3,10000,4,6,24000,4208,153,31,19608,0,9998.31
4276470015,1,23,0,7,2000,1000,600,3.3,10000,4,6,24000,21823,1626,312,239,0,9998.31
4276470015,1,23,0,7,3000,1000,600,3.3,10000,4,6,24000,18019,1546,297,4138,0,9998.31
4276470015,1,23,0,7,4000,1000,600,3.3,10000,4,6,24000,14014,1394,253,8339,0,9998.31
4276470015,1,23,0,7,5000,1000,600,3.3,10000,4,6,24000,10150,1072,177,12601,0,9998.31
4276470015,1,23,0,7,6000,1000,600,3.3,10000,4,6,24000,7057,602,94,16247,0,9998.31
4276470015,1,23,0,7,8000,1000,600,3.3,10000,4,6,24000,4093,210,35,19662,0,9998.31
2314927680,1,23,0,8,2000,1000,600,3.3,10000,4,6,23999,21499,2060,381,59,0,9997.94
2314927680,1,23,0,8,3000,1000,600,3.3,10000,4,6,23999,19618,2020,370,1991,0,9997.94
2314927680,1,23,0,8,4000,1000,600,3.3,10000,4,6,23999,16106,1830,328,5735,0,9997.94
2314927680,1,23,0,8,5000,1000,600,3.3,10000,4,6,24000,12255,1439,249,10057,0,9997.94
2314927680,1,23,0,8,6000,1000,600,3.3,10000,4,6,24000,8499,794,117,14590,0,9997.94
2314927680,1,23,0,8,8000,1000,600,3.3,10000,4,6,24000,4908,290,41,18761,0,9997.94
861648815,1,23,0,8,2000,1000,600,3.3,10000,4,6,23997,21312,2222,393,70,0,9997.94
861648815,1,23,0,8,3000,1000,600,3.3,10000,4,6,23997,19395,2165,380,2057,0,9997.94
861648815,1,23,0,8,4000,1000,600,3.3,10000,4,6,23997,15879,1930,314,5874,0,9997.94
861648815,1,23,0,8,5000,1000,600,3.3,10000,4,6,23997,12075,1497,208,10217,0,9997.94
861648815,1,23,0,8,6000,1000,600,3.3,10000,4,6,23999,8418,801,107,14673,0,9997.94
861648815,1,23,0,8,8000,1000,600,3.3,10000,4,6,24000,4902,290,36,18772,0,9997.94
716359404,1,23,0,8,2000,1000,600,3.3,10000,4,6,23998,21252,2190,496,60,0,9997.94
716359404,1,23,0,8,3000,1000,600,3.3,10000,4,6,23998,19338,2133,482,2045,0,9997.94
716359404,1,23,0,8,4000,1000,600,3.3,10000,4,6,23998,15818,1968,416,5796,0,9997.94
716359404,1,23,0,8,5000,1000,600,3.3,10000,4,6,23998,11953,1538,280,10227,0,9997.94
716359404,1,23,0,8,6000,1000,600,3.3,10000,4,6,23998,8335,788,141,14734,0,9997.94
716359404,1,23,0,8,8000,1000,600,3.3,10000,4,6,23998,4794,272,48,18884,0,9997.94
518024951,1,23,0,8,2000,1000,600,3.3,10000,4,6,23999,21747,1865,322,65,0,9997.94
518024951,1,23,0,8,3000,1000,600,3.3,10000,4,6,23999,19912,1821,308,1958,0,9997.93
518024951,1,23,0,8,4000,1000,600,3.3,10000,4,6,23999,16291,1661,279,5768,0,9997.93
518024951,1,23,0,8,5000,1000,600,3.3,10000,4,6,23999,12190,1262,185,10362,0,9997.93
518024951,1,23,0,8,6000,1000,600,3.3,10000,4,6,23999,8353,656,84,14906,0,9997.93
518024951,1,23,0,8,8000,1000,600,3.3,10000,4,6,23999,4811,200,22,18966,0,9997.93
652227427,1,23,0,8,2000,1000,600,3.3,10000,4,6,23999,21428,2165,342,64,0,9997.94
652227427,1,23,0,8,3000,1000,600,3.3,10000,4,6,23999,19538,2127,331,2003,0,9997.94
652227427,1,23,0,8,4000,1000,600,3.3,10000,4,6,23999,15935,1976,287,5801,0,9997.94
652227427,1,23,0,8,5000,1000,600,3.3,10000,4,6,23999,12069,1508,205,10217,0,9997.94
652227427,1,23,0,8,6000,1000,600,3.3,10000,4,6,23999,8314,775,108,14802,0,9997.94
652227427,1,23,0,8,8000,1000,600,3.3,10000,4,6,24000,4779,281,33,18907,0,9997.94
2447348191,1,23,0,8,2000,1000,600,3.3,10000,4,6,23999,21294,2228,412,65,0,9997.93
2447348191,1,23,0,8,3000,1000,600,3.3,10000,4,6,23999,19454,2166,399,1980,0,9997.93
2447348191,1,23,0,8,4000,1000,600,3.3,10000,4,6,23999,15882,1922,343,5852,0,9997.93
2447348191,1,23,0,8,5000,1000,600,3.3,10000,4,6,23999,12047,1444,252,10256,0,9997.93
2447348191,1,23,0,8,6000,1000,600,3.3,10000,4,6,23999,8348,784,125,14742,0,9997.93
2447348191,1,23,0,8,8000,1000,600,3.3,10000,4,6,24000,4888,282,45,18785,0,9997.93
4276470015,1,23,0,8,2000,1000,600,3.3,10000,4,6,23999,21163,2316,451,69,0,9997.94
4276470015,1,23,0,8,3000,1000,600,3.3,10000,4,6,23999,19246,2265,435,2053,0,9997.94
4276470015,1,23,0,8,4000,1000,600,3.3,10000,4,6,23999,15616,2108,386,5889,0,9997.94
4276470015,1,23,0,8,5000,1000,600,3.3,10000,4,6,23999,11804,1655,279,10261,0,9997.94
4276470015,1,23,0,8,6000,1000,600,3.3,10000,4,6,23999,8187,924,132,14756,0,9997.94
4276470015,1,23,0,8,8000,1000,600,3.3,10000,4,6,23999,4775,326,48,18850,0,9997.94
2314927680,1,23,0,9,2000,1000,600,3.3,10000,4,6,23999,20007,3297,671,24,0,9997.38
2314927680,1,23,0,9,3000,1000,600,3.3,10000,4,6,23998,17784,4759,916,539,0,9996.95
2314927680,1,23,0,9,4000,1000,600,3.3,10000,4,6,23998,14154,7339,1251,1254,0,9996.24
2314927680,1,23,0,9,5000,1000,600,3.3,10000,4,6,23997,11173,9296,1447,2081,0,9995.84
2314927680,1,23,0,9,6000,1000,600,3.3,10000,4,6,23999,8361,6922,897,7819,0,9995.63
2314927680,1,23,0,9,8000,1000,600,3.3,10000,4,6,23999,5671,3435,331,14562,0,9995.43
861648815,1,23,0,9,2000,1000,600,3.3,10000,4,6,23996,19576,3729,663,28,0,9997.37
861648815,1,23,0,9,3000,1000,600,3.3,10000,4,6,23996,17626,4949,917,504,0,9996.91
861648815,1,23,0,9,4000,1000,600,3.3,10000,4,6,23996,13444,7883,1406,1263,0,9996.15
861648815,1,23,0,9,5000,1000,600,3.3,10000,4,6,23996,10741,9678,1561,2016,0,9995.81
861648815,1,23,0,9,6000,1000,600,3.3,10000,4,6,23998,8041,6934,870,8153,0,9995.63
861648815,1,23,0,9,8000,1000,600,3.3,10000,4,6,23999,5501,3488,346,14664,0,9995.44
716359404,1,23,0,9,2000,1000,600,3.3,10000,4,6,23998,19832,3415,724,27,0,9997.39
716359404,1,23,0,9,3000,1000,600,3.3,10000,4,6,23998,18135,4430,910,523,0,9997
716359404,1,23,0,9,4000,1000,600,3.3,10000,4,6,23998,13638,7600,1316,1444,0,9996.23
716359404,1,23,0,9,5000,1000,600,3.3,10000,4,6,23998,10739,9573,1519,2167,0,9995.85
716359404,1,23,0,9,6000,1000,600,3.3,10000,4,6,23998,8105,6916,879,8098,0,9995.63
716359404,1,23,0,9,8000,1000,600,3.3,10000,4,6,23998,5506,3493,342,14657,0,9995.4
518024951,1,23,0,9,2000,1000,600,3.3,10000,4,6,23998,19940,3397,636,25,0,9997.38
518024951,1,23,0,9,3000,1000,600,3.3,10000,4,6,23998,17913,4637,888,560,0,9996.96
518024951,1,23,0,9,4000,1000,600,3.3,10000,4,6,23997,13247,7944,1287,1519,0,9996.22
518024951,1,23,0,9,5000,1000,600,3.3,10000,4,6,23997,10624,9722,1399,2252,0,9995.87
518024951,1,23,0,9,6000,1000,600,3.3,10000,4,6,23998,7936,7052,785,8225,0,9995.67
518024951,1,23,0,9,8000,1000,600,3.3,10000,4,6,23999,5369,3501,281,14848,0,9995.43
652227427,1,23,0,9,2000,1000,600,3.3,10000,4,6,23999,19876,3472,626,25,0,9997.38
652227427,1,23,0,9,3000,1000,600,3.3,10000,4,6,23999,17979,4628,856,536,0,9996.92
652227427,1,23,0,9,4000,1000,600,3.3,10000,4,6,23999,13361,7997,1252,1389,0,9996.18
652227427,1,23,0,9,5000,1000,600,3.3,10000,4,6,23999,10469,10009,1465,2056,0,9995.8
652227427,1,23,0,9,6000,1000,600,3.3,10000,4,6,23999,7856,7264,866,8013,0,9995.6
652227427,1,23,0,9,8000,1000,600,3.3,10000,4,6,24000,5441,3521,328,14710,0,9995.42
2447348191,1,23,0,9,2000,1000,600,3.3,10000,4,6,23999,19705,3559,711,24,0,9997.38
2447348191,1,23,0,9,3000,1000,600,3.3,10000,4,6,23999,17658,4891,952,498,0,9996.92
2447348191,1,23,0,9,4000,1000,600,3.3,10000,4,6,23998,13366,7814,1409,1409,0,9996.19
2447348191,1,23,0,9,5000,1000,600,3.3,10000,4,6,23998,10627,9668,1571,2132,0,9995.84
2447348191,1,23,0,9,6000,1000,600,3.3,10000,4,6,23999,8010,6949,949,8091,0,9995.64
2447348191,1,23,0,9,8000,1000,600,3.3,10000,4,6,24000,5503,3406,375,14716,0,9995.45
4276470015,1,23,0,9,2000,1000,600,3.3,10000,4,6,23999,19710,3558,701,30,0,9997.38
4276470015,1,23,0,9,3000,1000,600,3.3,10000,4,6,23999,18160,4413,888,538,0,9996.99
4276470015,1,23,0,9,4000,1000,600,3.3,10000,4,6,23999,13474,7832,1312,1381,0,9996.21
4276470015,1,23,0,9,5000,1000,600,3.3,10000,4,6,23999,10882,9526,1443,2148,0,9995.85
4276470015,1,23,0,9,6000,1000,600,3.3,10000,4,6,23999,8137,6987,836,8039,0,9995.63
4276470015,1,23,0,9,8000,1000,600,3.3,10000,4,6,23999,5480,3456,311,14752,0,9995.43
2314927680,1,23,0,10,2000,1000,600,3.3,10000,4,6,23999,22293,1263,222,221,0,9998.32
2314927680,1,23,0,10,3000,1000,600,3.3,10000,4,6,23999,18431,1192,204,4172,0,9998.32
2314927680,1,23,0,10,4000,1000,600,3.3,10000,4,6,23999,14305,1081,167,8446,0,9998.32
2314927680,1,23,0,10,5000,1000,600,3.3,10000,4,6,24000,10573,859,122,12446,0,9998.32
2314927680,1,23,0,10,6000,1000,600,3.3,10000,4,6,24000,7482,502,62,15954,0,9998.32
2314927680,1,23,0,10,8000,1000,600,3.3,10000,4,6,24000,4321,169,14,19496,0,9998.32
861648815,1,23,0,10,2000,1000,600,3.3,10000,4,6,23998,21908,1559,331,200,0,9998.25
861648815,1,23,0,10,3000,1000,600,3.3,10000,4,6,23998,18194,1433,308,4063,0,9998.25
861648815,1,23,0,10,4000,1000,600,3.3,10000,4,6,23999,14220,1261,255,8263,0,9998.25
861648815,1,23,0,10,5000,1000,600,3.3,10000,4,6,24000,10636,1015,185,12164,0,9998.25
861648815,1,23,0,10,6000,1000,600,3.3,10000,4,6,24000,7608,568,79,15745,0,9998.25
861648815,1,23,0,10,8000,1000,600,3.3,10000,4,6,24000,4421,187,30,19362,0,9998.25
716359404,1,23,0,10,2000,1000,600,3.3,10000,4,6,23998,22015,1493,265,225,0,9998.32
716359404,1,23,0,10,3000,1000,600,3.3,10000,4,6,23999,18052,1363,249,4335,0,9998.32
716359404,1,23,0,10,4000,1000,600,3.3,10000,4,6,23999,13816,1192,209,8782,0,9998.32
716359404,1,23,0,10,5000,1000,600,3.3,10000,4,6,23999,10408,988,167,12436,0,9998.32
716359404,1,23,0,10,6000,1000,600,3.3,10000,4,6,23999,7375,588,84,15952,0,9998.32
716359404,1,23,0,10,8000,1000,600,3.3,10000,4,6,24000,4218,217,29,19536,0,9998.32
518024951,1,23,0,10,2000,1000,600,3.3,10000,4,6,24000,21985,1482,282,251,0,9998.29
518024951,1,23,0,10,3000,1000,600,3.3,10000,4,6,24000,17902,1349,255,4494,0,9998.29
518024951,1,23,0,10,4000,1000,600,3.3,10000,4,6,24000,13792,1201,207,8800,0,9998.29
518024951,1,23,0,10,5000,1000,600,3.3,10000,4,6,24000,10318,996,148,12538,0,9998.29
518024951,1,23,0,10,6000,1000,600,3.3,10000,4,6,24000,7366,567,72,15995,0,9998.29
518024951,1,23,0,10,8000,1000,600,3.3,10000,4,6,24000,4301,204,21,19474,0,9998.29
652227427,1,23,0,10,2000,1000,600,3.3,10000,4,6,23999,22191,1346,255,207,0,9998.28
652227427,1,23,0,10,3000,1000,600,3.3,10000,4,6,23999,18348,1246,234,4171,0,9998.28
652227427,1,23,0,10,4000,1000,600,3.3,10000,4,6,23999,14243,1084,194,8478,0,9998.28
652227427,1,23,0,10,5000,1000,600,3.3,10000,4,6,23999,10579,862,142,12416,0,9998.28
652227427,1,23,0,10,6000,1000,600,3.3,10000,4,6,23999,7497,497,68,15937,0,9998.28
652227427,1,23,0,10,8000,1000,600,3.3,10000,4,6,23999,4310,150,18,19521,0,9998.28
2447348191,1,23,0,10,2000,1000,600,3.3,10000,4,6,24000,21949,1530,308,213,0,9998.24
2447348191,1,23,0,10,3000,1000,600,3.3,10000,4,6,24000,18371,1415,290,3924,0,9998.24
2447348191,1,23,0,10,4000,1000,600,3.3,10000,4,6,24000,14224,1236,247,8293,0,9998.24
2447348191,1,23,0,10,5000,1000,600,3.3,10000,4,6,24000,10633,998,198,12171,0,9998.24
2447348191,1,23,0,10,6000,1000,600,3.3,10000,4,6,24000,7532,553,89,15826,0,9998.24
2447348191,1,23,0,10,8000,1000,600,3.3,10000,4,6,24000,4345,187,21,19447,0,9998.24
4276470015,1,23,0,10,2000,1000,600,3.3,10000,4,6,23998,22177,1316,261,244,0,9998.37
4276470015,1,23,0,10,3000,1000,600,3.3,10000,4,6,23998,18104,1196,244,4454,0,9998.37
4276470015,1,23,0,10,4000,1000,600,3.3,10000,4,6,23998,13841,1022,199,8936,0,9998.37
4276470015,1,23,0,10,5000,1000,600,3.3,10000,4,6,23998,10276,752,129,12841,0,9998.37
4276470015,1,23,0,10,6000,1000,600,3.3,10000,4,6,23999,7294,423,69,16213,0,9998.37
4276470015,1,23,0,10,8000,1000,600,3.3,10000,4,6,24000,4181,150,15,19654,0,9998.37

2314927680,1,23,0,11,2000,1000,600,3.3,10000,4,6,24000,21850,1897,253,0,0,9998.31
2314927680,1,23,0,11,3000,1000,600,3.3,10000,4,6,24000,16332,423,29,7216,0,9999.23
2314927680,1,23,0,11,4000,1000,600,3.3,10000,4,6,23999,17969,5188,842,0,0,9997.07
2314927680,1,23,0,11,5000,1000,600,3.3,10000,4,6,24000,4728,72,8,19192,0,9999.23
2314927680,1,23,0,11,6000,1000,600,3.3,10000,4,6,24000,2616,0,0,21384,0,9999.27
2314927680,1,23,0,11,8000,1000,600,3.3,10000,4,6,24000,1536,0,0,22464,0,9999.23
861648815,1,23,0,11,2000,1000,600,3.3,10000,4,6,23998,22021,1714,263,0,0,9998.31
861648815,1,23,0,11,3000,1000,600,3.3,10000,4,6,23997,21013,2591,393,0,0,9997.94
861648815,1,23,0,11,4000,1000,600,3.3,10000,4,6,23999,7958,172,11,15858,0,9999.23
861648815,1,23,0,11,5000,1000,600,3.3,10000,4,6,23996,19075,4275,646,0,0,9997.41
861648815,1,23,0,11,6000,1000,600,3.3,10000,4,6,23999,8118,5988,764,9129,0,9995.95
861648815,1,23,0,11,8000,1000,600,3.3,10000,4,6,24000,1536,0,0,22464,0,9999.23
716359404,1,23,0,11,2000,1000,600,3.3,10000,4,6,23998,22042,1604,352,0,0,9998.31
716359404,1,23,0,11,3000,1000,600,3.3,10000,4,6,23998,22042,1604,352,0,0,9998.31
716359404,1,23,0,11,4000,1000,600,3.3,10000,4,6,23998,20867,2635,496,0,0,9997.94
716359404,1,23,0,11,5000,1000,600,3.3,10000,4,6,23998,10962,8139,1192,3705,0,9996.24
716359404,1,23,0,11,6000,1000,600,3.3,10000,4,6,24000,8019,6315,730,8936,0,9995.9
716359404,1,23,0,11,8000,1000,600,3.3,10000,4,6,24000,1176,0,0,22824,0,9998.31
518024951,1,23,0,11,2000,1000,600,3.3,10000,4,6,24000,23138,781,81,0,0,9999.03
518024951,1,23,0,11,3000,1000,600,3.3,10000,4,6,23998,15936,6958,1104,0,0,9996.54
518024951,1,23,0,11,4000,1000,600,3.3,10000,4,6,23998,19434,3943,621,0,0,9997.41
518024951,1,23,0,11,5000,1000,600,3.3,10000,4,6,23998,19434,3943,621,0,0,9997.41
518024951,1,23,0,11,6000,1000,600,3.3,10000,4,6,24000,2272,8,0,21720,0,9998.31
518024951,1,23,0,11,8000,1000,600,3.3,10000,4,6,24000,6445,2929,256,14370,0,9995.62
652227427,1,23,0,11,2000,1000,600,3.3,10000,4,6,23999,21022,2635,342,0,0,9997.94
652227427,1,23,0,11,3000,1000,600,3.3,10000,4,6,23999,15001,248,25,8725,0,9999.27
652227427,1,23,0,11,4000,1000,600,3.3,10000,4,6,23999,14720,5016,848,3415,0,9996.84
652227427,1,23,0,11,5000,1000,600,3.3,10000,4,6,23999,4575,53,10,19361,0,9999.27
652227427,1,23,0,11,6000,1000,600,3.3,10000,4,6,24000,2160,0,0,21840,0,9998.31
652227427,1,23,0,11,8000,1000,600,3.3,10000,4,6,24000,5428,3190,277,15105,0,9995.58
2447348191,1,23,0,11,2000,1000,600,3.3,10000,4,6,23999,19010,4291,698,0,0,9997.41
2447348191,1,23,0,11,3000,1000,600,3.3,10000,4,6,24000,14465,379,23,9133,0,9999.27
2447348191,1,23,0,11,4000,1000,600,3.3,10000,4,6,23998,16745,6251,1002,0,0,9996.98
2447348191,1,23,0,11,5000,1000,600,3.3,10000,4,6,24000,4453,177,8,19362,0,9999.27
2447348191,1,23,0,11,6000,1000,600,3.3,10000,4,6,23999,8828,6907,981,7283,0,9995.54
2447348191,1,23,0,11,8000,1000,600,3.3,10000,4,6,24000,2088,0,0,21912,0,9997.93
4276470015,1,23,0,11,2000,1000,600,3.3,10000,4,6,23999,20870,2678,451,0,0,9997.94
4276470015,1,23,0,11,3000,1000,600,3.3,10000,4,6,24000,15667,464,44,7825,0,9999.23
4276470015,1,23,0,11,4000,1000,600,3.3,10000,4,6,23999,19102,4206,691,0,0,9997.41
4276470015,1,23,0,11,5000,1000,600,3.3,10000,4,6,24000,4378,85,10,19527,0,9999.27
4276470015,1,23,0,11,6000,1000,600,3.3,10000,4,6,24000,2448,0,0,21552,0,9999.23
4276470015,1,23,0,11,8000,1000,600,3.3,10000,4,6,24000,5516,3356,281,14847,0,9995.59
1544167465,1,23,0,11,2000,1000,600,3.3,10000,4,6,24000,23202,760,38,0,0,9999.22
1544167465,1,23,0,11,3000,1000,600,3.3,10000,4,6,24000,15297,453,29,8221,0,9999.23
1544167465,1,23,0,11,4000,1000,600,3.3,10000,4,6,23999,13095,9434,1470,0,0,9995.95
1544167465,1,23,0,11,5000,1000,600,3.3,10000,4,6,23999,13689,9065,1245,0,0,9996.3
1544167465,1,23,0,11,6000,1000,600,3.3,10000,4,6,24000,2502,18,0,21480,0,9999.27
1544167465,1,23,0,11,8000,1000,600,3.3,10000,4,6,24000,1392,0,0,22608,0,9999.23