RunSeed,Seed,packetSize,d,sigma,Algoritmo,Radius,nDevices,appPeriodsSeconds,batteryVoltage,batteryEnergyInit,PHYTotal,PHYSuccessful,PHYInterfered,PHYNoMoreReceivers,PHYUnderSensitivity,PHYLostBecauseTX,batteryEnergyFinal
2314927680,1,23,2.1947,11.8139,1,1000,1000,600,3.3,10000,12000,11503,497,0,0,0,9999.81
2314927680,1,23,2.1947,11.8139,2,1000,1000,600,3.3,10000,11994,4010,6987,997,0,0,9996.43
2314927680,1,23,2.1947,11.8139,3,1000,1000,600,3.3,10000,12000,10932,942,126,0,0,9998.75
2314927680,1,23,2.1947,11.8139,6,1000,1000,600,3.3,10000,12000,11617,380,3,0,0,9999.78
2314927680,1,23,2.1947,11.8139,9,1000,1000,600,3.3,10000,11999,11271,620,108,0,0,9998.76
2314927680,1,23,2.1947,11.8139,10,1000,1000,600,3.3,10000,11999,9956,1853,190,0,0,9998.46
2314927680,1,23,2.1947,11.8139,28,1000,1000,600,3.3,10000,12000,10995,996,9,0,0,9999.68
2314927680,1,23,2.1947,11.8139,29,1000,1000,600,3.3,10000,12000,10198,1776,26,0,0,9999.43
2314927680,1,23,2.1947,11.8139,30,1000,1000,600,3.3,10000,12000,8955,2969,76,0,0,9998.99
2314927680,1,23,2.1947,11.8139,31,1000,1000,600,3.3,10000,11999,7036,4705,258,0,0,9998.2
2314927680,1,23,2.1947,11.8139,1,2000,1000,600,3.3,10000,12000,8348,316,0,3336,0,9999.81
2314927680,1,23,2.1947,11.8139,2,2000,1000,600,3.3,10000,11994,4011,6986,997,0,0,9996.43
2314927680,1,23,2.1947,11.8139,3,2000,1000,600,3.3,10000,12000,10932,942,126,0,0,9998.75
2314927680,1,23,2.1947,11.8139,6,2000,1000,600,3.3,10000,12000,11308,668,24,0,0,9999.44
2314927680,1,23,2.1947,11.8139,9,2000,1000,600,3.3,10000,11999,10937,618,108,336,0,9998.76
2314927680,1,23,2.1947,11.8139,10,2000,1000,600,3.3,10000,11999,9838,1944,217,0,0,9998.41
2314927680,1,23,2.1947,11.8139,28,2000,1000,600,3.3,10000,12000,10995,996,9,0,0,9999.68
2314927680,1,23,2.1947,11.8139,29,2000,1000,600,3.3,10000,12000,10198,1776,26,0,0,9999.43
2314927680,1,23,2.1947,11.8139,30,2000,1000,600,3.3,10000,12000,8955,2969,76,0,0,9998.99
2314927680,1,23,2.1947,11.8139,31,2000,1000,600,3.3,10000,11999,7036,4705,258,0,0,9998.2
2314927680,1,23,2.1947,11.8139,1,4000,1000,600,3.3,10000,12000,2171,13,0,9816,0,9999.81
2314927680,1,23,2.1947,11.8139,2,4000,1000,600,3.3,10000,11994,4011,6986,997,0,0,9996.43
2314927680,1,23,2.1947,11.8139,3,4000,1000,600,3.3,10000,12000,10763,938,121,178,0,9998.75
2314927680,1,23,2.1947,11.8139,6,4000,1000,600,3.3,10000,11998,8811,2735,452,0,0,9997.76
2314927680,1,23,2.1947,11.8139,9,4000,1000,600,3.3,10000,11999,7109,550,90,4250,0,9998.76
2314927680,1,23,2.1947,11.8139,28,4000,1000,600,3.3,10000,12000,3671,145,0,8184,0,9999.68
2314927680,1,23,2.1947,11.8139,29,4000,1000,600,3.3,10000,12000,5557,788,8,5647,0,9999.43
2314927680,1,23,2.1947,11.8139,30,4000,1000,600,3.3,10000,12000,7743,2357,55,1845,0,9998.99
2314927680,1,23,2.1947,11.8139,31,4000,1000,600,3.3,10000,11999,7036,4705,258,0,0,9998.2
2314927680,1,23,2.1947,11.8139,10,5000,1000,600,3.3,10000,11996,7096,4184,716,0,0,9997.04
2314927680,1,23,2.1947,11.8139,1,5000,1000,600,3.3,10000,12000,1425,3,0,10572,0,9999.81
2314927680,1,23,2.1947,11.8139,2,5000,1000,600,3.3,10000,11994,4011,6986,997,0,0,9996.43
2314927680,1,23,2.1947,11.8139,3,5000,1000,600,3.3,10000,12000,6090,750,88,5072,0,9998.75
2314927680,1,23,2.1947,11.8139,6,5000,1000,600,3.3,10000,11996,7170,4210,616,0,0,9997.29
2314927680,1,23,2.1947,11.8139,9,5000,1000,600,3.3,10000,12000,5701,512,78,5709,0,9998.76
2314927680,1,23,2.1947,11.8139,10,5000,1000,600,3.3,10000,11996,7096,4184,716,0,0,9997.04
2314927680,1,23,2.1947,11.8139,28,5000,1000,600,3.3,10000,12000,2379,45,0,9576,0,9999.68
2314927680,1,23,2.1947,11.8139,29,5000,1000,600,3.3,10000,12000,3785,367,4,7844,0,9999.43
2314927680,1,23,2.1947,11.8139,30,5000,1000,600,3.3,10000,12000,5481,1364,29,5126,0,9998.99
2314927680,1,23,2.1947,11.8139,31,5000,1000,600,3.3,10000,11999,6610,4193,220,976,0,9998.2
2314927680,1,23,2.1947,11.8139,1,6000,1000,600,3.3,10000,12000,1054,2,0,10944,0,9999.81
2314927680,1,23,2.1947,11.8139,2,6000,1000,600,3.3,10000,11994,4011,6986,997,0,0,9996.43
2314927680,1,23,2.1947,11.8139,3,6000,1000,600,3.3,10000,12000,2649,402,40,8909,0,9998.75
2314927680,1,23,2.1947,11.8139,6,6000,1000,600,3.3,10000,11996,6185,5089,722,0,0,9997.03
2314927680,1,23,2.1947,11.8139,9,6000,1000,600,3.3,10000,12000,4403,398,59,7140,0,9998.76
2314927680,1,23,2.1947,11.8139,10,6000,1000,600,3.3,10000,11996,5625,4918,770,683,0,9996.85
2314927680,1,23,2.1947,11.8139,28,6000,1000,600,3.3,10000,12000,1648,8,0,10344,0,9999.68
2314927680,1,23,2.1947,11.8139,29,6000,1000,600,3.3,10000,12000,2753,163,1,9083,0,9999.43
2314927680,1,23,2.1947,11.8139,30,6000,1000,600,3.3,10000,12000,4084,711,10,7195,0,9998.99
2314927680,1,23,2.1947,11.8139,31,6000,1000,600,3.3,10000,12000,5062,2736,128,4074,0,9998.2
2314927680,1,23,2.1947,11.8139,1,8000,1000,600,3.3,10000,12000,600,0,0,11400,0,9999.81
2314927680,1,23,2.1947,11.8139,2,8000,1000,600,3.3,10000,11996,3132,4108,437,4319,0,9996.43
2314927680,1,23,2.1947,11.8139,3,8000,1000,600,3.3,10000,12000,600,0,0,11400,0,9998.75
2314927680,1,23,2.1947,11.8139,6,8000,1000,600,3.3,10000,11997,3944,3382,322,4349,0,9996.77
2314927680,1,23,2.1947,11.8139,9,8000,1000,600,3.3,10000,12000,2716,196,17,9071,0,9998.76
2314927680,1,23,2.1947,11.8139,10,8000,1000,600,3.3,10000,11998,3396,3315,352,4935,0,9996.65
2314927680,1,23,2.1947,11.8139,28,8000,1000,600,3.3,10000,12000,1006,2,0,10992,0,9999.68
2314927680,1,23,2.1947,11.8139,29,8000,1000,600,3.3,10000,12000,1558,38,0,10404,0,9999.43
2314927680,1,23,2.1947,11.8139,30,8000,1000,600,3.3,10000,12000,2471,263,6,9260,0,9998.99
2314927680,1,23,2.1947,11.8139,31,8000,1000,600,3.3,10000,12000,3383,1136,45,7436,0,9998.2
2314927680,1,23,2.1947,11.8139,1,10000,1000,600,3.3,10000,12000,432,0,0,11568,0,9999.81
2314927680,1,23,2.1947,11.8139,2,10000,1000,600,3.3,10000,11998,2483,2356,182,6977,0,9996.43
2314927680,1,23,2.1947,11.8139,3,10000,1000,600,3.3,10000,12000,432,0,0,11568,0,9998.75
2314927680,1,23,2.1947,11.8139,6,10000,1000,600,3.3,10000,11999,2910,1956,129,7004,0,9996.65
2314927680,1,23,2.1947,11.8139,9,10000,1000,600,3.3,10000,12000,1887,115,10,9988,0,9998.76
2314927680,1,23,2.1947,11.8139,10,10000,1000,600,3.3,10000,11998,2581,2148,170,7099,0,9996.58
2314927680,1,23,2.1947,11.8139,28,10000,1000,600,3.3,10000,12000,636,0,0,11364,0,9999.68
2314927680,1,23,2.1947,11.8139,29,10000,1000,600,3.3,10000,12000,1036,20,0,10944,0,9999.43
2314927680,1,23,2.1947,11.8139,30,10000,1000,600,3.3,10000,12000,1594,96,3,10307,0,9998.99
2314927680,1,23,2.1947,11.8139,31,10000,1000,600,3.3,10000,12000,2406,541,26,9027,0,9998.2
910364107,1,23,2.1947,11.8139,1,1000,1000,600,3.3,10000,12000,11416,582,2,0,0,9999.81
910364107,1,23,2.1947,11.8139,2,1000,1000,600,3.3,10000,12000,3828,7067,1105,0,0,9996.43
910364107,1,23,2.1947,11.8139,3,1000,1000,600,3.3,10000,12000,10970,868,162,0,0,9998.75
910364107,1,23,2.1947,11.8139,6,1000,1000,600,3.3,10000,12000,11416,582,2,0,0,9999.81
910364107,1,23,2.1947,11.8139,9,1000,1000,600,3.3,10000,11999,11125,752,122,0,0,9998.75
910364107,1,23,2.1947,11.8139,10,1000,1000,600,3.3,10000,12000,9741,2025,234,0,0,9998.46
910364107,1,23,2.1947,11.8139,28,1000,1000,600,3.3,10000,12000,10837,1157,6,0,0,9999.68
910364107,1,23,2.1947,11.8139,29,1000,1000,600,3.3,10000,12000,9983,1988,29,0,0,9999.43
910364107,1,23,2.1947,11.8139,30,1000,1000,600,3.3,10000,12000,8571,3331,98,0,0,9998.99
910364107,1,23,2.1947,11.8139,31,1000,1000,600,3.3,10000,12000,6690,4999,311,0,0,9998.2
910364107,1,23,2.1947,11.8139,1,2000,1000,600,3.3,10000,12000,11416,582,2,0,0,9999.81
910364107,1,23,2.1947,11.8139,2,2000,1000,600,3.3,10000,12000,3828,7067,1105,0,0,9996.43
910364107,1,23,2.1947,11.8139,3,2000,1000,600,3.3,10000,12000,10970,868,162,0,0,9998.75
910364107,1,23,2.1947,11.8139,6,2000,1000,600,3.3,10000,12000,11416,582,2,0,0,9999.81
910364107,1,23,2.1947,11.8139,9,2000,1000,600,3.3,10000,11999,11125,752,122,0,0,9998.75
910364107,1,23,2.1947,11.8139,10,2000,1000,600,3.3,10000,12000,9741,2025,234,0,0,9998.46
910364107,1,23,2.1947,11.8139,28,2000,1000,600,3.3,10000,12000,10837,1157,6,0,0,9999.68
910364107,1,23,2.1947,11.8139,29,2000,1000,600,3.3,10000,12000,9983,1988,29,0,0,9999.43
910364107,1,23,2.1947,11.8139,30,2000,1000,600,3.3,10000,12000,8571,3331,98,0,0,9998.99
910364107,1,23,2.1947,11.8139,31,2000,1000,600,3.3,10000,12000,6690,4999,311,0,0,9998.2
910364107,1,23,2.1947,11.8139,1,4000,1000,600,3.3,10000,12000,11416,582,2,0,0,9999.81
910364107,1,23,2.1947,11.8139,2,4000,1000,600,3.3,10000,12000,3828,7067,1105,0,0,9996.43
910364107,1,23,2.1947,11.8139,3,4000,1000,600,3.3,10000,12000,10970,868,162,0,0,9998.75
910364107,1,23,2.1947,11.8139,6,4000,1000,600,3.3,10000,12000,11416,582,2,0,0,9999.81
910364107,1,23,2.1947,11.8139,9,4000,1000,600,3.3,10000,11999,11125,752,122,0,0,9998.75
910364107,1,23,2.1947,11.8139,28,4000,1000,600,3.3,10000,12000,10837,1157,6,0,0,9999.68
910364107,1,23,2.1947,11.8139,29,4000,1000,600,3.3,10000,12000,9983,1988,29,0,0,9999.43
910364107,1,23,2.1947,11.8139,30,4000,1000,600,3.3,10000,12000,8571,3331,98,0,0,9998.99
910364107,1,23,2.1947,11.8139,31,4000,1000,600,3.3,10000,12000,6690,4999,311,0,0,9998.2
910364107,1,23,2.1947,11.8139,10,5000,1000,600,3.3,10000,12000,9741,2025,234,0,0,9998.46
910364107,1,23,2.1947,11.8139,1,5000,1000,600,3.3,10000,12000,11416,582,2,0,0,9999.81
910364107,1,23,2.1947,11.8139,2,5000,1000,600,3.3,10000,12000,3828,7067,1105,0,0,9996.43
910364107,1,23,2.1947,11.8139,3,5000,1000,600,3.3,10000,12000,10970,868,162,0,0,9998.75
910364107,1,23,2.1947,11.8139,6,5000,1000,600,3.3,10000,12000,11416,582,2,0,0,9999.81
910364107,1,23,2.1947,11.8139,9,5000,1000,600,3.3,10000,11999,11125,752,122,0,0,9998.75
910364107,1,23,2.1947,11.8139,10,5000,1000,600,3.3,10000,12000,9741,2025,234,0,0,9998.46
910364107,1,23,2.1947,11.8139,28,5000,1000,600,3.3,10000,12000,10837,1157,6,0,0,9999.68
910364107,1,23,2.1947,11.8139,29,5000,1000,600,3.3,10000,12000,9983,1988,29,0,0,9999.43
910364107,1,23,2.1947,11.8139,30,5000,1000,600,3.3,10000,12000,8571,3331,98,0,0,9998.99
910364107,1,23,2.1947,11.8139,31,5000,1000,600,3.3,10000,12000,6690,4999,311,0,0,9998.2
910364107,1,23,2.1947,11.8139,1,6000,1000,600,3.3,10000,12000,11416,582,2,0,0,9999.81
910364107,1,23,2.1947,11.8139,2,6000,1000,600,3.3,10000,12000,3828,7067,1105,0,0,9996.43
910364107,1,23,2.1947,11.8139,3,6000,1000,600,3.3,10000,12000,10970,868,162,0,0,9998.75
910364107,1,23,2.1947,11.8139,6,6000,1000,600,3.3,10000,12000,11416,582,2,0,0,9999.81
910364107,1,23,2.1947,11.8139,9,6000,1000,600,3.3,10000,11999,11125,752,122,0,0,9998.75
910364107,1,23,2.1947,11.8139,10,6000,1000,600,3.3,10000,12000,9741,2025,234,0,0,9998.46
910364107,1,23,2.1947,11.8139,28,6000,1000,600,3.3,10000,12000,10837,1157,6,0,0,9999.68
910364107,1,23,2.1947,11.8139,29,6000,1000,600,3.3,10000,12000,9983,1988,29,0,0,9999.43
910364107,1,23,2.1947,11.8139,30,6000,1000,600,3.3,10000,12000,8571,3331,98,0,0,9998.99
910364107,1,23,2.1947,11.8139,31,6000,1000,600,3.3,10000,12000,6690,4999,311,0,0,9998.2
910364107,1,23,2.1947,11.8139,1,8000,1000,600,3.3,10000,12000,11416,582,2,0,0,9999.81
910364107,1,23,2.1947,11.8139,2,8000,1000,600,3.3,10000,12000,3828,7067,1105,0,0,9996.43
910364107,1,23,2.1947,11.8139,3,8000,1000,600,3.3,10000,12000,10970,868,162,0,0,9998.75
910364107,1,23,2.1947,11.8139,6,8000,1000,600,3.3,10000,12000,11580,417,3,0,0,9999.78
910364107,1,23,2.1947,11.8139,9,8000,1000,600,3.3,10000,11999,11125,752,122,0,0,9998.75
910364107,1,23,2.1947,11.8139,10,8000,1000,600,3.3,10000,12000,9741,2025,234,0,0,9998.46
910364107,1,23,2.1947,11.8139,28,8000,1000,600,3.3,10000,12000,10837,1157,6,0,0,9999.68
910364107,1,23,2.1947,11.8139,29,8000,1000,600,3.3,10000,12000,9983,1988,29,0,0,9999.43
910364107,1,23,2.1947,11.8139,30,8000,1000,600,3.3,10000,12000,8571,3331,98,0,0,9998.99
910364107,1,23,2.1947,11.8139,31,8000,1000,600,3.3,10000,12000,6690,4999,311,0,0,9998.2
910364107,1,23,2.1947,11.8139,1,10000,1000,600,3.3,10000,12000,11416,582,2,0,0,9999.81
910364107,1,23,2.1947,11.8139,2,10000,1000,600,3.3,10000,12000,3828,7067,1105,0,0,9996.43
910364107,1,23,2.1947,11.8139,3,10000,1000,600,3.3,10000,12000,10970,868,162,0,0,9998.75
910364107,1,23,2.1947,11.8139,6,10000,1000,600,3.3,10000,12000,11521,470,9,0,0,9999.73
910364107,1,23,2.1947,11.8139,9,10000,1000,600,3.3,10000,11999,11125,752,122,0,0,9998.75
910364107,1,23,2.1947,11.8139,10,10000,1000,600,3.3,10000,12000,9740,2025,235,0,0,9998.45
910364107,1,23,2.1947,11.8139,28,10000,1000,600,3.3,10000,12000,10837,1157,6,0,0,9999.68
910364107,1,23,2.1947,11.8139,29,10000,1000,600,3.3,10000,12000,9983,1988,29,0,0,9999.43
910364107,1,23,2.1947,11.8139,30,10000,1000,600,3.3,10000,12000,8571,3331,98,0,0,9998.99
910364107,1,23,2.1947,11.8139,31,10000,1000,600,3.3,10000,12000,6690,4999,311,0,0,9998.2
2186432651,1,23,2.1947,11.8139,1,1000,1000,600,3.3,10000,12000,11460,538,2,0,0,9999.81
2186432651,1,23,2.1947,11.8139,2,1000,1000,600,3.3,10000,11999,3814,7167,1018,0,0,9996.43
2186432651,1,23,2.1947,11.8139,3,1000,1000,600,3.3,10000,12000,11068,785,147,0,0,9998.75
2186432651,1,23,2.1947,11.8139,6,1000,1000,600,3.3,10000,12000,11460,538,2,0,0,9999.81
2186432651,1,23,2.1947,11.8139,9,1000,1000,600,3.3,10000,11999,11152,720,127,0,0,9998.82
2186432651,1,23,2.1947,11.8139,10,1000,1000,600,3.3,10000,12000,9876,1907,217,0,0,9998.46
2186432651,1,23,2.1947,11.8139,28,1000,1000,600,3.3,10000,12000,11027,962,11,0,0,9999.68
2186432651,1,23,2.1947,11.8139,29,1000,1000,600,3.3,10000,12000,10273,1697,30,0,0,9999.43
2186432651,1,23,2.1947,11.8139,30,1000,1000,600,3.3,10000,12000,8785,3110,105,0,0,9998.99
2186432651,1,23,2.1947,11.8139,31,1000,1000,600,3.3,10000,12000,6849,4857,294,0,0,9998.2
2186432651,1,23,2.1947,11.8139,1,2000,1000,600,3.3,10000,12000,11460,538,2,0,0,9999.81
2186432651,1,23,2.1947,11.8139,2,2000,1000,600,3.3,10000,11999,3814,7167,1018,0,0,9996.43
2186432651,1,23,2.1947,11.8139,3,2000,1000,600,3.3,10000,12000,11068,785,147,0,0,9998.75
2186432651,1,23,2.1947,11.8139,6,2000,1000,600,3.3,10000,12000,11460,538,2,0,0,9999.81
2186432651,1,23,2.1947,11.8139,9,2000,1000,600,3.3,10000,11999,11152,720,127,0,0,9998.82
2186432651,1,23,2.1947,11.8139,10,2000,1000,600,3.3,10000,12000,9876,1907,217,0,0,9998.46
2186432651,1,23,2.1947,11.8139,28,2000,1000,600,3.3,10000,12000,11027,962,11,0,0,9999.68
2186432651,1,23,2.1947,11.8139,29,2000,1000,600,3.3,10000,12000,10273,1697,30,0,0,9999.43
2186432651,1,23,2.1947,11.8139,30,2000,1000,600,3.3,10000,12000,8786,3109,105,0,0,9998.99
2186432651,1,23,2.1947,11.8139,31,2000,1000,600,3.3,10000,12000,6849,4857,294,0,0,9998.2
2186432651,1,23,2.1947,11.8139,1,4000,1000,600,3.3,10000,12000,11460,538,2,0,0,9999.81
2186432651,1,23,2.1947,11.8139,2,4000,1000,600,3.3,10000,11999,3814,7167,1018,0,0,9996.43
2186432651,1,23,2.1947,11.8139,3,4000,1000,600,3.3,10000,12000,11068,785,147,0,0,9998.75
2186432651,1,23,2.1947,11.8139,6,4000,1000,600,3.3,10000,12000,11460,538,2,0,0,9999.81
2186432651,1,23,2.1947,11.8139,9,4000,1000,600,3.3,10000,11999,11152,720,127,0,0,9998.82
2186432651,1,23,2.1947,11.8139,28,4000,1000,600,3.3,10000,12000,11027,962,11,0,0,9999.68
2186432651,1,23,2.1947,11.8139,29,4000,1000,600,3.3,10000,12000,10273,1697,30,0,0,9999.43
2186432651,1,23,2.1947,11.8139,30,4000,1000,600,3.3,10000,12000,8786,3109,105,0,0,9998.99
2186432651,1,23,2.1947,11.8139,31,4000,1000,600,3.3,10000,12000,6849,4857,294,0,0,9998.2
2186432651,1,23,2.1947,11.8139,10,5000,1000,600,3.3,10000,12000,9873,1910,217,0,0,9998.46
2186432651,1,23,2.1947,11.8139,1,5000,1000,600,3.3,10000,12000,11460,538,2,0,0,9999.81
2186432651,1,23,2.1947,11.8139,2,5000,1000,600,3.3,10000,11999,3814,7167,1018,0,0,9996.43
2186432651,1,23,2.1947,11.8139,3,5000,1000,600,3.3,10000,12000,11068,785,147,0,0,9998.75
2186432651,1,23,2.1947,11.8139,6,5000,1000,600,3.3,10000,12000,11577,420,3,0,0,9999.79
2186432651,1,23,2.1947,11.8139,9,5000,1000,600,3.3,10000,11999,11152,720,127,0,0,9998.82
2186432651,1,23,2.1947,11.8139,10,5000,1000,600,3.3,10000,12000,9873,1910,217,0,0,9998.46
2186432651,1,23,2.1947,11.8139,28,5000,1000,600,3.3,10000,12000,11027,962,11,0,0,9999.68
2186432651,1,23,2.1947,11.8139,29,5000,1000,600,3.3,10000,12000,10273,1697,30,0,0,9999.43
2186432651,1,23,2.1947,11.8139,30,5000,1000,600,3.3,10000,12000,8786,3109,105,0,0,9998.99
2186432651,1,23,2.1947,11.8139,31,5000,1000,600,3.3,10000,12000,6849,4857,294,0,0,9998.2
2186432651,1,23,2.1947,11.8139,1,6000,1000,600,3.3,10000,12000,11460,538,2,0,0,9999.81
2186432651,1,23,2.1947,11.8139,2,6000,1000,600,3.3,10000,11999,3814,7167,1018,0,0,9996.43
2186432651,1,23,2.1947,11.8139,3,6000,1000,600,3.3,10000,12000,11068,785,147,0,0,9998.75
2186432651,1,23,2.1947,11.8139,6,6000,1000,600,3.3,10000,12000,11615,382,3,0,0,9999.75
2186432651,1,23,2.1947,11.8139,9,6000,1000,600,3.3,10000,11999,11152,720,127,0,0,9998.82
2186432651,1,23,2.1947,11.8139,10,6000,1000,600,3.3,10000,12000,9873,1910,217,0,0,9998.45
2186432651,1,23,2.1947,11.8139,28,6000,1000,600,3.3,10000,12000,11027,962,11,0,0,9999.68
2186432651,1,23,2.1947,11.8139,29,6000,1000,600,3.3,10000,12000,10273,1697,30,0,0,9999.43
2186432651,1,23,2.1947,11.8139,30,6000,1000,600,3.3,10000,12000,8786,3109,105,0,0,9998.99
2186432651,1,23,2.1947,11.8139,31,6000,1000,600,3.3,10000,12000,6849,4857,294,0,0,9998.2
2186432651,1,23,2.1947,11.8139,1,8000,1000,600,3.3,10000,12000,11460,538,2,0,0,9999.81
2186432651,1,23,2.1947,11.8139,2,8000,1000,600,3.3,10000,11999,3814,7167,1018,0,0,9996.43
2186432651,1,23,2.1947,11.8139,3,8000,1000,600,3.3,10000,12000,11068,785,147,0,0,9998.75
2186432651,1,23,2.1947,11.8139,6,8000,1000,600,3.3,10000,12000,11517,471,12,0,0,9999.63
2186432651,1,23,2.1947,11.8139,9,8000,1000,600,3.3,10000,11999,11152,720,127,0,0,9998.82
2186432651,1,23,2.1947,11.8139,10,8000,1000,600,3.3,10000,12000,9869,1913,218,0,0,9998.44
2186432651,1,23,2.1947,11.8139,28,8000,1000,600,3.3,10000,12000,11027,962,11,0,0,9999.68
2186432651,1,23,2.1947,11.8139,29,8000,1000,600,3.3,10000,12000,10273,1697,30,0,0,9999.43
2186432651,1,23,2.1947,11.8139,30,8000,1000,600,3.3,10000,12000,8786,3109,105,0,0,9998.99
2186432651,1,23,2.1947,11.8139,31,8000,1000,600,3.3,10000,12000,6849,4857,294,0,0,9998.2
2186432651,1,23,2.1947,11.8139,1,10000,1000,600,3.3,10000,12000,8291,348,1,3360,0,9999.81
2186432651,1,23,2.1947,11.8139,2,10000,1000,600,3.3,10000,11999,3814,7167,1018,0,0,9996.43
2186432651,1,23,2.1947,11.8139,3,10000,1000,600,3.3,10000,12000,11068,785,147,0,0,9998.75
2186432651,1,23,2.1947,11.8139,6,10000,1000,600,3.3,10000,12000,11346,615,39,0,0,9999.43
2186432651,1,23,2.1947,11.8139,9,10000,1000,600,3.3,10000,11999,10713,710,127,449,0,9998.82
2186432651,1,23,2.1947,11.8139,10,10000,1000,600,3.3,10000,12000,9793,1981,226,0,0,9998.42
2186432651,1,23,2.1947,11.8139,28,10000,1000,600,3.3,10000,12000,11027,962,11,0,0,9999.68
2186432651,1,23,2.1947,11.8139,29,10000,1000,600,3.3,10000,12000,10273,1697,30,0,0,9999.43
2186432651,1,23,2.1947,11.8139,30,10000,1000,600,3.3,10000,12000,8786,3109,105,0,0,9998.99
2186432651,1,23,2.1947,11.8139,31,10000,1000,600,3.3,10000,12000,6849,4857,294,0,0,9998.2
4221330717,1,23,2.1947,11.8139,1,1000,1000,600,3.3,10000,11999,11451,547,1,0,0,9999.81
4221330717,1,23,2.1947,11.8139,2,1000,1000,600,3.3,10000,11999,4056,6844,1099,0,0,9996.43
4221330717,1,23,2.1947,11.8139,3,1000,1000,600,3.3,10000,11999,11092,746,161,0,0,9998.75
4221330717,1,23,2.1947,11.8139,6,1000,1000,600,3.3,10000,11999,11451,547,1,0,0,9999.81
4221330717,1,23,2.1947,11.8139,9,1000,1000,600,3.3,10000,11997,11208,656,133,0,0,9998.74
4221330717,1,23,2.1947,11.8139,10,1000,1000,600,3.3,10000,11999,9840,1926,233,0,0,9998.46
4221330717,1,23,2.1947,11.8139,28,1000,1000,600,3.3,10000,11999,10975,1018,6,0,0,9999.68
4221330717,1,23,2.1947,11.8139,29,1000,1000,600,3.3,10000,11999,10095,1873,31,0,0,9999.43
4221330717,1,23,2.1947,11.8139,30,1000,1000,600,3.3,10000,11999,8772,3114,113,0,0,9998.99
4221330717,1,23,2.1947,11.8139,31,1000,1000,600,3.3,10000,11999,6958,4748,293,0,0,9998.2
4221330717,1,23,2.1947,11.8139,1,2000,1000,600,3.3,10000,11999,11451,547,1,0,0,9999.81
4221330717,1,23,2.1947,11.8139,2,2000,1000,600,3.3,10000,11999,4056,6844,1099,0,0,9996.43
4221330717,1,23,2.1947,11.8139,3,2000,1000,600,3.3,10000,11999,11092,746,161,0,0,9998.75
4221330717,1,23,2.1947,11.8139,6,2000,1000,600,3.3,10000,11999,11451,547,1,0,0,9999.81
4221330717,1,23,2.1947,11.8139,9,2000,1000,600,3.3,10000,11997,11208,656,133,0,0,9998.74
4221330717,1,23,2.1947,11.8139,10,2000,1000,600,3.3,10000,11999,9840,1926,233,0,0,9998.46
4221330717,1,23,2.1947,11.8139,28,2000,1000,600,3.3,10000,11999,10975,1018,6,0,0,9999.68
4221330717,1,23,2.1947,11.8139,29,2000,1000,600,3.3,10000,11999,10095,1873,31,0,0,9999.43
4221330717,1,23,2.1947,11.8139,30,2000,1000,600,3.3,10000,11999,8772,3114,113,0,0,9998.99
4221330717,1,23,2.1947,11.8139,31,2000,1000,600,3.3,10000,11999,6961,4745,293,0,0,9998.2
4221330717,1,23,2.1947,11.8139,1,4000,1000,600,3.3,10000,11999,11451,547,1,0,0,9999.81
4221330717,1,23,2.1947,11.8139,2,4000,1000,600,3.3,10000,11999,4056,6844,1099,0,0,9996.43
4221330717,1,23,2.1947,11.8139,3,4000,1000,600,3.3,10000,11999,11092,746,161,0,0,9998.75
4221330717,1,23,2.1947,11.8139,6,4000,1000,600,3.3,10000,11999,11451,547,1,0,0,9999.81
4221330717,1,23,2.1947,11.8139,9,4000,1000,600,3.3,10000,11997,11208,656,133,0,0,9998.74
4221330717,1,23,2.1947,11.8139,28,4000,1000,600,3.3,10000,11999,10975,1018,6,0,0,9999.68
4221330717,1,23,2.1947,11.8139,29,4000,1000,600,3.3,10000,11999,10095,1873,31,0,0,9999.43
4221330717,1,23,2.1947,11.8139,30,4000,1000,600,3.3,10000,11999,8772,3114,113,0,0,9998.99
4221330717,1,23,2.1947,11.8139,31,4000,1000,600,3.3,10000,11999,6961,4745,293,0,0,9998.2
4221330717,1,23,2.1947,11.8139,10,5000,1000,600,3.3,10000,11999,9834,1932,233,0,0,9998.45
4221330717,1,23,2.1947,11.8139,1,5000,1000,600,3.3,10000,11999,11451,547,1,0,0,9999.81
4221330717,1,23,2.1947,11.8139,2,5000,1000,600,3.3,10000,11999,4056,6844,1099,0,0,9996.43
4221330717,1,23,2.1947,11.8139,3,5000,1000,600,3.3,10000,11999,11092,746,161,0,0,9998.75
4221330717,1,23,2.1947,11.8139,6,5000,1000,600,3.3,10000,11999,11613,384,2,0,0,9999.77
4221330717,1,23,2.1947,11.8139,9,5000,1000,600,3.3,10000,11997,11208,656,133,0,0,9998.74
4221330717,1,23,2.1947,11.8139,10,5000,1000,600,3.3,10000,11999,9834,1932,233,0,0,9998.45
4221330717,1,23,2.1947,11.8139,28,5000,1000,600,3.3,10000,11999,10975,1018,6,0,0,9999.68
4221330717,1,23,2.1947,11.8139,29,5000,1000,600,3.3,10000,11999,10095,1873,31,0,0,9999.43
4221330717,1,23,2.1947,11.8139,30,5000,1000,600,3.3,10000,11999,8772,3114,113,0,0,9998.99
4221330717,1,23,2.1947,11.8139,31,5000,1000,600,3.3,10000,11999,6961,4745,293,0,0,9998.2
4221330717,1,23,2.1947,11.8139,1,6000,1000,600,3.3,10000,11999,11451,547,1,0,0,9999.81
4221330717,1,23,2.1947,11.8139,2,6000,1000,600,3.3,10000,11999,4056,6844,1099,0,0,9996.43
4221330717,1,23,2.1947,11.8139,3,6000,1000,600,3.3,10000,11999,11092,746,161,0,0,9998.75
4221330717,1,23,2.1947,11.8139,6,6000,1000,600,3.3,10000,11999,11600,394,5,0,0,9999.72
4221330717,1,23,2.1947,11.8139,9,6000,1000,600,3.3,10000,11997,11208,656,133,0,0,9998.74
4221330717,1,23,2.1947,11.8139,10,6000,1000,600,3.3,10000,11999,9833,1932,234,0,0,9998.45
4221330717,1,23,2.1947,11.8139,28,6000,1000,600,3.3,10000,11999,10975,1018,6,0,0,9999.68
4221330717,1,23,2.1947,11.8139,29,6000,1000,600,3.3,10000,11999,10095,1873,31,0,0,9999.43
4221330717,1,23,2.1947,11.8139,30,6000,1000,600,3.3,10000,11999,8772,3114,113,0,0,9998.99
4221330717,1,23,2.1947,11.8139,31,6000,1000,600,3.3,10000,11999,6961,4745,293,0,0,9998.2
4221330717,1,23,2.1947,11.8139,1,8000,1000,600,3.3,10000,11999,10941,517,1,540,0,9999.81
4221330717,1,23,2.1947,11.8139,2,8000,1000,600,3.3,10000,11999,4056,6844,1099,0,0,9996.43
4221330717,1,23,2.1947,11.8139,3,8000,1000,600,3.3,10000,11999,11092,746,161,0,0,9998.75
4221330717,1,23,2.1947,11.8139,6,8000,1000,600,3.3,10000,11999,11356,627,16,0,0,9999.57
4221330717,1,23,2.1947,11.8139,9,8000,1000,600,3.3,10000,11997,11172,656,133,36,0,9998.74
4221330717,1,23,2.1947,11.8139,10,8000,1000,600,3.3,10000,11999,9801,1953,245,0,0,9998.44
4221330717,1,23,2.1947,11.8139,28,8000,1000,600,3.3,10000,11999,10975,1018,6,0,0,9999.68
4221330717,1,23,2.1947,11.8139,29,8000,1000,600,3.3,10000,11999,10095,1873,31,0,0,9999.43
4221330717,1,23,2.1947,11.8139,30,8000,1000,600,3.3,10000,11999,8772,3114,113,0,0,9998.99
4221330717,1,23,2.1947,11.8139,31,8000,1000,600,3.3,10000,11999,6961,4745,293,0,0,9998.2
4221330717,1,23,2.1947,11.8139,1,10000,1000,600,3.3,10000,12000,7047,261,0,4692,0,9999.81
4221330717,1,23,2.1947,11.8139,2,10000,1000,600,3.3,10000,11999,4056,6844,1099,0,0,9996.43
4221330717,1,23,2.1947,11.8139,3,10000,1000,600,3.3,10000,11999,11092,746,161,0,0,9998.75
4221330717,1,23,2.1947,11.8139,6,10000,1000,600,3.3,10000,11999,10997,972,30,0,0,9999.36
4221330717,1,23,2.1947,11.8139,9,10000,1000,600,3.3,10000,11997,10547,649,132,669,0,9998.74
4221330717,1,23,2.1947,11.8139,10,10000,1000,600,3.3,10000,11999,9728,2010,261,0,0,9998.4
4221330717,1,23,2.1947,11.8139,28,10000,1000,600,3.3,10000,11999,10975,1018,6,0,0,9999.68
4221330717,1,23,2.1947,11.8139,29,10000,1000,600,3.3,10000,11999,10095,1873,31,0,0,9999.43
4221330717,1,23,2.1947,11.8139,30,10000,1000,600,3.3,10000,11999,8772,3114,113,0,0,9998.99
4221330717,1,23,2.1947,11.8139,31,10000,1000,600,3.3,10000,11999,6961,4745,293,0,0,9998.2