: 
Q: [ 0.930832 0.959442 0.937105 0.808038 0.800677 0.743419 ]
N: [ 8.000000 45.000000 9.000000 15.000000 10.000000 9.000000 ]
: 
Q: [ 0.930785 0.959455 0.937126 0.808023 0.800612 0.743298 ]
N: [ 8.000000 45.000000 9.000000 15.000000 10.000000 9.000000 ]
: 
Q: [ 0.930695 0.959453 0.937128 0.808002 0.800615 0.743175 ]
N: [ 8.000000 45.000000 9.000000 15.000000 10.000000 9.000000 ]
: 
Q: [ 0.930791 0.958238 0.926957 0.795147 0.800612 0.743171 ]
N: [ 8.000000 45.000000 9.000000 15.000000 10.000000 9.000000 ]
: 
Q: [ 0.887547 0.891367 0.913809 0.765415 0.800617 0.743186 ]
N: [ 8.000000 13.000000 41.000000 15.000000 10.000000 9.000000 ]
: 
Q: [ 0.704236 0.676497 0.678191 0.695400 0.801349 0.743215 ]
N: [ 8.000000 11.000000 9.000000 15.000000 44.000000 9.000000 ]
: 
Q: [ 0.931342 0.956768 0.935078 0.811591 0.806246 0.737552 ]
N: [ 8.000000 45.000000 9.000000 15.000000 10.000000 9.000000 ]
: 
Q: [ 0.931283 0.956769 0.935095 0.811589 0.806228 0.737507 ]
N: [ 8.000000 45.000000 9.000000 15.000000 10.000000 9.000000 ]
: 
Q: [ 0.931258 0.956778 0.935076 0.811528 0.806221 0.737504 ]
N: [ 8.000000 45.000000 9.000000 15.000000 10.000000 9.000000 ]
: 
Q: [ 0.931292 0.955478 0.924429 0.797463 0.806156 0.737524 ]
N: [ 8.000000 45.000000 9.000000 15.000000 10.000000 9.000000 ]
: 
Q: [ 0.898394 0.900471 0.917729 0.769606 0.806129 0.737498 ]
N: [ 10.000000 11.000000 41.000000 15.000000 10.000000 9.000000 ]
: 
Q: [ 0.722043 0.685789 0.685986 0.699487 0.801232 0.737498 ]
N: [ 8.000000 11.000000 9.000000 15.000000 44.000000 9.000000 ]
: 
Q: [ 0.929799 0.957501 0.933890 0.806627 0.799955 0.741152 ]
N: [ 8.000000 45.000000 9.000000 15.000000 10.000000 9.000000 ]
: 
Q: [ 0.929801 0.957516 0.933893 0.806614 0.799931 0.741018 ]
N: [ 8.000000 45.000000 9.000000 15.000000 10.000000 9.000000 ]
: 
Q: [ 0.929793 0.957521 0.933865 0.806625 0.799865 0.740944 ]
N: [ 8.000000 45.000000 9.000000 15.000000 10.000000 9.000000 ]
: 
Q: [ 0.929816 0.956078 0.924108 0.792029 0.799842 0.740912 ]
N: [ 8.000000 45.000000 9.000000 15.000000 10.000000 9.000000 ]
: 
Q: [ 0.895674 0.898713 0.914007 0.761719 0.799861 0.740944 ]
N: [ 8.000000 13.000000 41.000000 15.000000 10.000000 9.000000 ]
: 
Q: [ 0.714359 0.679750 0.684534 0.695986 0.799512 0.740859 ]
N: [ 8.000000 11.000000 9.000000 15.000000 44.000000 9.000000 ]
: 
Q: [ 0.930233 0.956904 0.935728 0.807729 0.803582 0.739769 ]
N: [ 8.000000 45.000000 9.000000 15.000000 10.000000 9.000000 ]
: 
Q: [ 0.930241 0.956910 0.935724 0.807654 0.803496 0.739755 ]
N: [ 8.000000 45.000000 9.000000 15.000000 10.000000 9.000000 ]
: 
Q: [ 0.930228 0.956915 0.935730 0.807612 0.803418 0.739642 ]
N: [ 8.000000 45.000000 9.000000 15.000000 10.000000 9.000000 ]
: 
Q: [ 0.930239 0.955707 0.924166 0.794199 0.803452 0.739601 ]
N: [ 8.000000 45.000000 9.000000 15.000000 10.000000 9.000000 ]
: 
Q: [ 0.889314 0.891880 0.913047 0.765529 0.803490 0.739728 ]
N: [ 8.000000 13.000000 41.000000 15.000000 10.000000 9.000000 ]
: 
Q: [ 0.710746 0.677326 0.682919 0.695009 0.799524 0.739889 ]
N: [ 8.000000 11.000000 9.000000 15.000000 44.000000 9.000000 ]
