: 
Q: [ 0.790000 0.956000 0.000000 0.000000 0.000000 0.000000 0.915000 0.866667 0.000000 ]
N: [ 1.000000 1.000000 0.000000 0.000000 0.000000 0.000000 1.000000 3.000000 0.000000 ]
: 
Q: [ 0.973000 0.000000 0.000000 0.000000 0.000000 0.000000 0.000000 ]
N: [ 1.000000 0.000000 0.000000 0.000000 0.000000 0.000000 0.000000 ]
: 
Q: [ 0.973000 0.000000 0.000000 0.000000 0.910000 0.000000 0.000000 ]
N: [ 1.000000 0.000000 0.000000 0.000000 1.000000 0.000000 0.000000 ]
: 
Q: [ 0.973000 0.000000 0.000000 0.000000 0.910000 0.879000 0.000000 ]
N: [ 1.000000 0.000000 0.000000 0.000000 1.000000 1.000000 0.000000 ]
: 
Q: [ 0.967500 0.000000 0.000000 0.000000 0.910000 0.879000 0.000000 ]
N: [ 2.000000 0.000000 0.000000 0.000000 1.000000 1.000000 0.000000 ]
: 
Q: [ 0.967500 0.000000 0.000000 0.975000 0.910000 0.879000 0.000000 ]
N: [ 2.000000 0.000000 0.000000 1.000000 1.000000 1.000000 0.000000 ]
: 
Q: [ 0.967500 0.973000 0.000000 0.975000 0.910000 0.879000 0.000000 ]
N: [ 2.000000 1.000000 0.000000 1.000000 1.000000 1.000000 0.000000 ]
