Algoritmo,Radius,nDevices,appPeriodsSeconds,batteryVoltage,batteryEnergyInit,PHYTotal,PHYSuccessful,PHYInterfered,PHYNoMoreReceivers,PHYUnderSensitivity,PHYLostBecauseTX,batteryEnergyFinal
12,2000,4,1920,3.3,10000,
12,2000,1,3840,3.3,10000,
12,2000,1,3840,3.3,10000,
12,2000,1,3840,3.3,10000,
12,2000,4,1920,3.3,10000,
12,2000,1,3840,3.3,10000,
12,2000,4,1920,3.3,10000,4,4,0,0,0,0,9986.31
12,2000,4,1920,3.3,10000,180,180,0,0,0,0,9986.31
12,2000,4,1920,3.3,10000,180,180,0,0,0,0,9986.31
12,2000,400,1920,3.3,10000,17999,15864,2112,23,0,0,9986.31
12,2000,4,1920,3.3,10000,180,180,0,0,0,0,9986.31
12,2000,4,1920,3.3,10000,180,180,0,0,0,0,9986.31
12,2000,4,1920,3.3,10000,180,180,0,0,0,0,9986.31
1,2000,4,1920,3.3,10000,180,180,0,0,0,0,9998.99
2,2000,4,1920,3.3,10000,180,180,0,0,0,0,9986.31
3,2000,4,1920,3.3,10000,180,180,0,0,0,0,9993.83
4,2000,4,1920,3.3,10000,180,180,0,0,0,0,9998.51
5,2000,4,1920,3.3,10000,180,180,0,0,0,0,9991.14
6,2000,4,1920,3.3,10000,180,180,0,0,0,0,9998.99
7,2000,4,1920,3.3,10000,180,180,0,0,0,0,9998.51
8,2000,4,1920,3.3,10000,180,180,0,0,0,0,9991.14
9,2000,4,1920,3.3,10000,180,180,0,0,0,0,9992.3
9,2000,4,1920,3.3,10000,180,180,0,0,0,0,9992.3
7,2000,4,1920,3.3,10000,180,180,0,0,0,0,9998.51
7,2000,4,1920,3.3,10000,180,180,0,0,0,0,9998.51
1,3000,1000,600,3.3,10000,144000,137485,6479,36,0,0,9997.7
1,3000,1,600,3.3,10000,1,1,0,0,0,0,9997.71
1,3000,10,600,3.3,10000,10,10,0,0,0,0,9997.71
1,1,23,3.78,11.16,12,2000,1,1920,3.3,10000,
1,1,23,3.78,8.1,11.16,6,2000,100,600,3.3,10000,2,12,
1,1,23,3.78,8.1,11.16,6,2000,100,600,3.3,10000,2,12,
1,1,23,3.78,8.1,11.16,6,2000,100,600,3.3,10000,2,12,
1,1,23,3.78,8.1,11.16,6,2000,100,600,3.3,10000,2,12,
1,1,23,3.78,8.1,11.16,6,2000,100,600,3.3,10000,2,12,
1,1,23,3.78,8.1,11.16,6,2000,100,600,3.3,10000,2,12,
1,1,23,3.78,41,79,0,6,2000,100,600,3.3,10000,2,12,
1,1,23,3.78,41,79,0,6,2000,100,600,3.3,10000,2,12,9999.23
1,1,23,3.78,41,79,0,6,2000,100,600,3.3,10000,2,12,9999.23
1,1,23,3.78,41,79,0,6,2000,100,600,3.3,10000,2,12,9999.23
1,1,23,3.78,41,79,0,6,2000,10,1800,3.3,10000,1,12,9999.78
1,1,23,3.78,41,79,0,6,2000,10,1800,3.3,10000,1,12,
1,1,23,3.78,41,79,0,6,2000,10,1800,3.3,10000,1,12,
1,1,23,3.78,41,79,0,6,2000,10,1800,3.3,10000,1,12,20,20,0,0,0,0,9999.78
1,1,23,3.78,41,79,0,6,2000,10,1800,3.3,10000,1,12,20,20,0,0,0,0,9999.78
1,1,23,3.78,41,79,0,6,2000,10,1800,3.3,10000,1,12,
1,1,23,3.78,41,79,0,6,2000,10,1800,3.3,10000,1,12,
1,1,23,3.78,41,79,0,6,2000,2,1800,3.3,10000,1,12,
1,1,23,3.78,41,79,0,6,2000,2,1800,3.3,10000,1,12,2,2,0,0,0,0,9999.81
1,1,23,3.78,41,79,0,6,2000,2,1800,3.3,10000,1,12,
1,1,23,3.78,41,79,0,6,2000,2,1800,3.3,10000,1,12,
1,1,23,3.78,41,79,0,6,2000,2,1800,3.3,10000,1,12,
1,1,23,0,6,2000,2,1800,3.3,10000,1,12,
1,1,23,0,6,2000,2,1800,3.3,10000,1,12,
1,1,23,0,6,2000,2,1800,3.3,10000,1,12,