: 
Q: [ 0.973000 0.000000 0.000000 0.000000 0.000000 0.000000 0.000000 ]
N: [ 1.000000 0.000000 0.000000 0.000000 0.000000 0.000000 0.000000 ]
: 
Q: [ 0.973000 0.000000 0.000000 0.000000 0.910000 0.000000 0.000000 ]
N: [ 1.000000 0.000000 0.000000 0.000000 1.000000 0.000000 0.000000 ]
: 
Q: [ 0.973000 0.000000 0.000000 0.000000 0.910000 0.879000 0.000000 ]
N: [ 1.000000 0.000000 0.000000 0.000000 1.000000 1.000000 0.000000 ]
: 
Q: [ 0.967500 0.000000 0.000000 0.000000 0.910000 0.879000 0.000000 ]
N: [ 2.000000 0.000000 0.000000 0.000000 1.000000 1.000000 0.000000 ]
: 
Q: [ 0.967500 0.000000 0.000000 0.975000 0.910000 0.879000 0.000000 ]
N: [ 2.000000 0.000000 0.000000 1.000000 1.000000 1.000000 0.000000 ]
: 
Q: [ 0.967500 0.973000 0.000000 0.975000 0.910000 0.879000 0.000000 ]
N: [ 2.000000 1.000000 0.000000 1.000000 1.000000 1.000000 0.000000 ]
: 
Q: [ 0.916000 0.000000 0.000000 0.000000 0.000000 0.000000 ]
N: [ 1.000000 0.000000 0.000000 0.000000 0.000000 0.000000 ]
: 
Q: [ 0.916000 0.000000 0.000000 0.000000 0.922000 0.000000 ]
N: [ 1.000000 0.000000 0.000000 0.000000 1.000000 0.000000 ]
: 
Q: [ 0.916000 0.980000 0.000000 0.000000 0.922000 0.000000 ]
N: [ 1.000000 1.000000 0.000000 0.000000 1.000000 0.000000 ]
: 
Q: [ 0.916000 0.977000 0.000000 0.000000 0.922000 0.000000 ]
N: [ 1.000000 2.000000 0.000000 0.000000 1.000000 0.000000 ]
: 
Q: [ 0.916000 0.977000 0.000000 0.000000 0.929500 0.000000 ]
N: [ 1.000000 2.000000 0.000000 0.000000 2.000000 0.000000 ]
: 
Q: [ 0.916000 0.977000 0.000000 0.927000 0.929500 0.000000 ]
N: [ 1.000000 2.000000 0.000000 1.000000 2.000000 0.000000 ]
: 
Q: [ 0.916000 0.977000 0.981000 0.927000 0.929500 0.000000 ]
N: [ 1.000000 2.000000 1.000000 1.000000 2.000000 0.000000 ]
: 
Q: [ 0.916000 0.977000 0.976000 0.927000 0.929500 0.000000 ]
N: [ 1.000000 2.000000 2.000000 1.000000 2.000000 0.000000 ]
: 
Q: [ 0.916000 0.977000 0.976000 0.927000 0.929500 0.913000 ]
N: [ 1.000000 2.000000 2.000000 1.000000 2.000000 1.000000 ]
: 
Q: [ 0.916000 0.977000 0.976000 0.927000 0.929500 0.913000 ]
N: [ 1.000000 3.000000 2.000000 1.000000 2.000000 1.000000 ]
: 
Q: [ 0.943500 0.977000 0.976000 0.927000 0.929500 0.913000 ]
N: [ 2.000000 3.000000 2.000000 1.000000 2.000000 1.000000 ]
: 
Q: [ 0.943500 0.977000 0.976000 0.927000 0.924667 0.913000 ]
N: [ 2.000000 3.000000 2.000000 1.000000 3.000000 1.000000 ]
: 
Q: [ 0.943500 0.977000 0.975000 0.927000 0.924667 0.913000 ]
N: [ 2.000000 3.000000 3.000000 1.000000 3.000000 1.000000 ]
: 
Q: [ 0.943500 0.977000 0.975000 0.931000 0.924667 0.913000 ]
N: [ 2.000000 3.000000 3.000000 2.000000 3.000000 1.000000 ]
: 
Q: [ 0.943500 0.977000 0.972750 0.931000 0.924667 0.913000 ]
N: [ 2.000000 3.000000 4.000000 2.000000 3.000000 1.000000 ]
: 
Q: [ 0.943500 0.978500 0.972750 0.931000 0.924667 0.913000 ]
N: [ 2.000000 4.000000 4.000000 2.000000 3.000000 1.000000 ]
: 
Q: [ 0.943500 0.979000 0.972750 0.931000 0.924667 0.913000 ]
N: [ 2.000000 5.000000 4.000000 2.000000 3.000000 1.000000 ]
: 
Q: [ 0.943500 0.979000 0.972750 0.931000 0.924667 0.902500 ]
N: [ 2.000000 5.000000 4.000000 2.000000 3.000000 2.000000 ]
: 
Q: [ 0.943500 0.978000 0.972750 0.931000 0.924667 0.902500 ]
N: [ 2.000000 6.000000 4.000000 2.000000 3.000000 2.000000 ]
: 
Q: [ 0.949333 0.978000 0.972750 0.931000 0.924667 0.902500 ]
N: [ 3.000000 6.000000 4.000000 2.000000 3.000000 2.000000 ]
: 
Q: [ 0.949333 0.978000 0.972750 0.935333 0.924667 0.902500 ]
N: [ 3.000000 6.000000 4.000000 3.000000 3.000000 2.000000 ]
: 
Q: [ 0.949333 0.978000 0.972750 0.935333 0.924250 0.902500 ]
N: [ 3.000000 6.000000 4.000000 3.000000 4.000000 2.000000 ]
: 
Q: [ 0.949333 0.978000 0.972750 0.935333 0.922400 0.902500 ]
N: [ 3.000000 6.000000 4.000000 3.000000 5.000000 2.000000 ]
: 
Q: [ 0.949333 0.978000 0.972750 0.934250 0.922400 0.902500 ]
N: [ 3.000000 6.000000 4.000000 4.000000 5.000000 2.000000 ]
: 
Q: [ 0.916000 0.000000 0.000000 0.000000 0.000000 0.000000 ]
N: [ 1.000000 0.000000 0.000000 0.000000 0.000000 0.000000 ]
: 
Q: [ 0.916000 0.000000 0.000000 0.000000 0.922000 0.000000 ]
N: [ 1.000000 0.000000 0.000000 0.000000 1.000000 0.000000 ]
: 
Q: [ 0.916000 0.980000 0.000000 0.000000 0.922000 0.000000 ]
N: [ 1.000000 1.000000 0.000000 0.000000 1.000000 0.000000 ]
: 
Q: [ 0.916000 0.977000 0.000000 0.000000 0.922000 0.000000 ]
N: [ 1.000000 2.000000 0.000000 0.000000 1.000000 0.000000 ]
: 
Q: [ 0.916000 0.977000 0.000000 0.000000 0.929500 0.000000 ]
N: [ 1.000000 2.000000 0.000000 0.000000 2.000000 0.000000 ]
: 
Q: [ 0.916000 0.977000 0.000000 0.927000 0.929500 0.000000 ]
N: [ 1.000000 2.000000 0.000000 1.000000 2.000000 0.000000 ]
: 
Q: [ 0.916000 0.977000 0.981000 0.927000 0.929500 0.000000 ]
N: [ 1.000000 2.000000 1.000000 1.000000 2.000000 0.000000 ]
: 
Q: [ 0.916000 0.977000 0.976000 0.927000 0.929500 0.000000 ]
N: [ 1.000000 2.000000 2.000000 1.000000 2.000000 0.000000 ]
: 
Q: [ 0.916000 0.977000 0.976000 0.927000 0.929500 0.913000 ]
N: [ 1.000000 2.000000 2.000000 1.000000 2.000000 1.000000 ]
: 
Q: [ 0.916000 0.977000 0.976000 0.927000 0.929500 0.913000 ]
N: [ 1.000000 3.000000 2.000000 1.000000 2.000000 1.000000 ]
: 
Q: [ 0.943500 0.977000 0.976000 0.927000 0.929500 0.913000 ]
N: [ 2.000000 3.000000 2.000000 1.000000 2.000000 1.000000 ]
: 
Q: [ 0.943500 0.977000 0.976000 0.927000 0.924667 0.913000 ]
N: [ 2.000000 3.000000 2.000000 1.000000 3.000000 1.000000 ]
: 
Q: [ 0.943500 0.977000 0.975000 0.927000 0.924667 0.913000 ]
N: [ 2.000000 3.000000 3.000000 1.000000 3.000000 1.000000 ]
: 
Q: [ 0.943500 0.977000 0.975000 0.931000 0.924667 0.913000 ]
N: [ 2.000000 3.000000 3.000000 2.000000 3.000000 1.000000 ]
: 
Q: [ 0.943500 0.977000 0.972750 0.931000 0.924667 0.913000 ]
N: [ 2.000000 3.000000 4.000000 2.000000 3.000000 1.000000 ]
: 
Q: [ 0.943500 0.978500 0.972750 0.931000 0.924667 0.913000 ]
N: [ 2.000000 4.000000 4.000000 2.000000 3.000000 1.000000 ]
: 
Q: [ 0.943500 0.979000 0.972750 0.931000 0.924667 0.913000 ]
N: [ 2.000000 5.000000 4.000000 2.000000 3.000000 1.000000 ]
: 
Q: [ 0.943500 0.979000 0.972750 0.931000 0.924667 0.902500 ]
N: [ 2.000000 5.000000 4.000000 2.000000 3.000000 2.000000 ]
: 
Q: [ 0.943500 0.978000 0.972750 0.931000 0.924667 0.902500 ]
N: [ 2.000000 6.000000 4.000000 2.000000 3.000000 2.000000 ]
: 
Q: [ 0.949333 0.978000 0.972750 0.931000 0.924667 0.902500 ]
N: [ 3.000000 6.000000 4.000000 2.000000 3.000000 2.000000 ]
: 
Q: [ 0.949333 0.978000 0.972750 0.935333 0.924667 0.902500 ]
N: [ 3.000000 6.000000 4.000000 3.000000 3.000000 2.000000 ]
: 
Q: [ 0.949333 0.978000 0.972750 0.935333 0.924250 0.902500 ]
N: [ 3.000000 6.000000 4.000000 3.000000 4.000000 2.000000 ]
: 
Q: [ 0.949333 0.978000 0.972750 0.935333 0.922400 0.902500 ]
N: [ 3.000000 6.000000 4.000000 3.000000 5.000000 2.000000 ]
: 
Q: [ 0.949333 0.978000 0.972750 0.934250 0.922400 0.902500 ]
N: [ 3.000000 6.000000 4.000000 4.000000 5.000000 2.000000 ]
: 
Q: [ 0.916000 0.000000 0.000000 0.000000 0.000000 0.000000 ]
N: [ 1.000000 0.000000 0.000000 0.000000 0.000000 0.000000 ]
: 
Q: [ 0.916000 0.000000 0.000000 0.000000 0.922000 0.000000 ]
N: [ 1.000000 0.000000 0.000000 0.000000 1.000000 0.000000 ]
: 
Q: [ 0.916000 0.980000 0.000000 0.000000 0.922000 0.000000 ]
N: [ 1.000000 1.000000 0.000000 0.000000 1.000000 0.000000 ]
: 
Q: [ 0.916000 0.977000 0.000000 0.000000 0.922000 0.000000 ]
N: [ 1.000000 2.000000 0.000000 0.000000 1.000000 0.000000 ]
: 
Q: [ 0.916000 0.977000 0.000000 0.000000 0.929500 0.000000 ]
N: [ 1.000000 2.000000 0.000000 0.000000 2.000000 0.000000 ]
: 
Q: [ 0.916000 0.000000 0.000000 0.000000 0.000000 0.000000 ]
N: [ 1.000000 0.000000 0.000000 0.000000 0.000000 0.000000 ]
: 
Q: [ 0.916000 0.000000 0.000000 0.000000 0.922000 0.000000 ]
N: [ 1.000000 0.000000 0.000000 0.000000 1.000000 0.000000 ]
: 
Q: [ 0.916000 0.977000 0.000000 0.000000 0.922000 0.000000 ]
N: [ 1.000000 1.000000 0.000000 0.000000 1.000000 0.000000 ]
: 
Q: [ 0.916000 0.979500 0.000000 0.000000 0.922000 0.000000 ]
N: [ 1.000000 2.000000 0.000000 0.000000 1.000000 0.000000 ]
: 
Q: [ 0.916000 0.979500 0.000000 0.000000 0.918000 0.000000 ]
N: [ 1.000000 2.000000 0.000000 0.000000 2.000000 0.000000 ]
: 
Q: [ 0.916000 0.979500 0.000000 0.921000 0.918000 0.000000 ]
N: [ 1.000000 2.000000 0.000000 1.000000 2.000000 0.000000 ]
: 
Q: [ 0.916000 0.979500 0.888000 0.921000 0.918000 0.000000 ]
N: [ 1.000000 2.000000 1.000000 1.000000 2.000000 0.000000 ]
: 
Q: [ 0.916000 0.979500 0.930000 0.921000 0.918000 0.000000 ]
N: [ 1.000000 2.000000 2.000000 1.000000 2.000000 0.000000 ]
: 
Q: [ 0.916000 0.979500 0.930000 0.921000 0.918000 0.890000 ]
N: [ 1.000000 2.000000 2.000000 1.000000 2.000000 1.000000 ]
: 
Q: [ 0.916000 0.964333 0.930000 0.921000 0.918000 0.890000 ]
N: [ 1.000000 3.000000 2.000000 1.000000 2.000000 1.000000 ]
: 
Q: [ 0.886500 0.964333 0.930000 0.921000 0.918000 0.890000 ]
N: [ 2.000000 3.000000 2.000000 1.000000 2.000000 1.000000 ]
: 
Q: [ 0.886500 0.964333 0.930000 0.921000 0.924333 0.890000 ]
N: [ 2.000000 3.000000 2.000000 1.000000 3.000000 1.000000 ]
: 
Q: [ 0.886500 0.964333 0.891333 0.921000 0.924333 0.890000 ]
N: [ 2.000000 3.000000 3.000000 1.000000 3.000000 1.000000 ]
: 
Q: [ 0.886500 0.964333 0.891333 0.900500 0.924333 0.890000 ]
N: [ 2.000000 3.000000 3.000000 2.000000 3.000000 1.000000 ]
: 
Q: [ 0.886500 0.964333 0.873250 0.900500 0.924333 0.890000 ]
N: [ 2.000000 3.000000 4.000000 2.000000 3.000000 1.000000 ]
: 
Q: [ 0.886500 0.952250 0.873250 0.900500 0.924333 0.890000 ]
N: [ 2.000000 4.000000 4.000000 2.000000 3.000000 1.000000 ]
: 
Q: [ 0.886500 0.920200 0.873250 0.900500 0.924333 0.890000 ]
N: [ 2.000000 5.000000 4.000000 2.000000 3.000000 1.000000 ]
: 
Q: [ 0.886500 0.920200 0.873250 0.900500 0.924333 0.899500 ]
N: [ 2.000000 5.000000 4.000000 2.000000 3.000000 2.000000 ]
: 
Q: [ 0.886500 0.920200 0.873250 0.900500 0.911750 0.899500 ]
N: [ 2.000000 5.000000 4.000000 2.000000 4.000000 2.000000 ]
: 
Q: [ 0.898667 0.920200 0.873250 0.900500 0.911750 0.899500 ]
N: [ 3.000000 5.000000 4.000000 2.000000 4.000000 2.000000 ]
: 
Q: [ 0.898667 0.920200 0.873250 0.886000 0.911750 0.899500 ]
N: [ 3.000000 5.000000 4.000000 3.000000 4.000000 2.000000 ]
: 
Q: [ 0.898667 0.920200 0.873250 0.886000 0.918400 0.899500 ]
N: [ 3.000000 5.000000 4.000000 3.000000 5.000000 2.000000 ]
: 
Q: [ 0.898667 0.920200 0.873250 0.886000 0.910000 0.899500 ]
N: [ 3.000000 5.000000 4.000000 3.000000 6.000000 2.000000 ]
: 
Q: [ 0.898667 0.920200 0.873250 0.879750 0.910000 0.899500 ]
N: [ 3.000000 5.000000 4.000000 4.000000 6.000000 2.000000 ]
: 
Q: [ 0.916000 0.000000 0.000000 0.000000 0.000000 0.000000 ]
N: [ 1.000000 0.000000 0.000000 0.000000 0.000000 0.000000 ]
: 
Q: [ 0.915000 0.000000 0.000000 0.000000 0.000000 0.000000 ]
N: [ 1.000000 0.000000 0.000000 0.000000 0.000000 0.000000 ]
: 
Q: [ 0.915000 0.000000 0.000000 0.000000 0.920000 0.000000 ]
N: [ 1.000000 0.000000 0.000000 0.000000 1.000000 0.000000 ]
: 
Q: [ 0.915000 0.924000 0.000000 0.000000 0.920000 0.000000 ]
N: [ 1.000000 1.000000 0.000000 0.000000 1.000000 0.000000 ]
: 
Q: [ 0.915000 0.944500 0.000000 0.000000 0.920000 0.000000 ]
N: [ 1.000000 2.000000 0.000000 0.000000 1.000000 0.000000 ]
: 
Q: [ 0.915000 0.944500 0.000000 0.000000 0.909000 0.000000 ]
N: [ 1.000000 2.000000 0.000000 0.000000 2.000000 0.000000 ]
: 
Q: [ 0.915000 0.944500 0.000000 0.901000 0.909000 0.000000 ]
N: [ 1.000000 2.000000 0.000000 1.000000 2.000000 0.000000 ]
: 
Q: [ 0.915000 0.000000 0.000000 0.000000 0.000000 0.000000 ]
N: [ 1.000000 0.000000 0.000000 0.000000 0.000000 0.000000 ]
: 
Q: [ 0.915000 0.000000 0.000000 0.000000 0.920000 0.000000 ]
N: [ 1.000000 0.000000 0.000000 0.000000 1.000000 0.000000 ]
: 
Q: [ 0.915000 0.919000 0.000000 0.000000 0.920000 0.000000 ]
N: [ 1.000000 1.000000 0.000000 0.000000 1.000000 0.000000 ]
: 
Q: [ 0.915000 0.919000 0.000000 0.000000 0.933500 0.000000 ]
N: [ 1.000000 1.000000 0.000000 0.000000 2.000000 0.000000 ]
: 
Q: [ 0.915000 0.919000 0.000000 0.000000 0.924667 0.000000 ]
N: [ 1.000000 1.000000 0.000000 0.000000 3.000000 0.000000 ]
: 
Q: [ 0.915000 0.919000 0.000000 0.914000 0.924667 0.000000 ]
N: [ 1.000000 1.000000 0.000000 1.000000 3.000000 0.000000 ]
: 
Q: [ 0.915000 0.000000 0.000000 0.000000 0.000000 0.000000 ]
N: [ 1.000000 0.000000 0.000000 0.000000 0.000000 0.000000 ]
: 
Q: [ 0.915000 0.000000 0.000000 0.000000 0.920000 0.000000 ]
N: [ 1.000000 0.000000 0.000000 0.000000 1.000000 0.000000 ]
: 
Q: [ 0.915000 0.924000 0.000000 0.000000 0.920000 0.000000 ]
N: [ 1.000000 1.000000 0.000000 0.000000 1.000000 0.000000 ]
: 
Q: [ 0.915000 0.945000 0.000000 0.000000 0.920000 0.000000 ]
N: [ 1.000000 2.000000 0.000000 0.000000 1.000000 0.000000 ]
: 
Q: [ 0.915000 0.945000 0.000000 0.000000 0.916000 0.000000 ]
N: [ 1.000000 2.000000 0.000000 0.000000 2.000000 0.000000 ]
: 
Q: [ 0.915000 0.945000 0.000000 0.912000 0.916000 0.000000 ]
N: [ 1.000000 2.000000 0.000000 1.000000 2.000000 0.000000 ]
: 
Q: [ 0.915000 0.000000 0.000000 0.000000 0.000000 0.000000 ]
N: [ 1.000000 0.000000 0.000000 0.000000 0.000000 0.000000 ]
: 
Q: [ 0.915000 0.000000 0.000000 0.000000 0.920000 0.000000 ]
N: [ 1.000000 0.000000 0.000000 0.000000 1.000000 0.000000 ]
: 
Q: [ 0.915000 0.919000 0.000000 0.000000 0.920000 0.000000 ]
N: [ 1.000000 1.000000 0.000000 0.000000 1.000000 0.000000 ]
: 
Q: [ 0.915000 0.919000 0.000000 0.000000 0.934000 0.000000 ]
N: [ 1.000000 1.000000 0.000000 0.000000 2.000000 0.000000 ]
: 
Q: [ 0.915000 0.919000 0.000000 0.000000 0.921333 0.000000 ]
N: [ 1.000000 1.000000 0.000000 0.000000 3.000000 0.000000 ]
: 
Q: [ 0.915000 0.919000 0.000000 0.914000 0.921333 0.000000 ]
N: [ 1.000000 1.000000 0.000000 1.000000 3.000000 0.000000 ]
: 
Q: [ 0.915000 0.000000 0.000000 0.000000 0.000000 0.000000 ]
N: [ 1.000000 0.000000 0.000000 0.000000 0.000000 0.000000 ]
: 
Q: [ 0.915000 0.000000 0.000000 0.000000 0.920000 0.000000 ]
N: [ 1.000000 0.000000 0.000000 0.000000 1.000000 0.000000 ]
: 
Q: [ 0.915000 0.917000 0.000000 0.000000 0.920000 0.000000 ]
N: [ 1.000000 1.000000 0.000000 0.000000 1.000000 0.000000 ]
: 
Q: [ 0.915000 0.917000 0.000000 0.000000 0.932000 0.000000 ]
N: [ 1.000000 1.000000 0.000000 0.000000 2.000000 0.000000 ]
: 
Q: [ 0.915000 0.917000 0.000000 0.000000 0.920667 0.000000 ]
N: [ 1.000000 1.000000 0.000000 0.000000 3.000000 0.000000 ]
: 
Q: [ 0.915000 0.917000 0.000000 0.900000 0.920667 0.000000 ]
N: [ 1.000000 1.000000 0.000000 1.000000 3.000000 0.000000 ]
