: 
Q: [ 0.925148 0.948965 0.934296 0.800592 0.804729 0.750826 ]
N: [ 10.000000 58.000000 11.000000 17.000000 10.000000 14.000000 ]
: 
Q: [ 0.897424 0.901060 0.886977 0.777150 0.800980 0.748035 ]
N: [ 10.000000 58.000000 11.000000 17.000000 10.000000 14.000000 ]
: 
Q: [ 0.862312 0.869669 0.856205 0.756258 0.768025 0.727388 ]
N: [ 10.000000 58.000000 11.000000 17.000000 10.000000 14.000000 ]
: 
Q: [ 0.834412 0.859020 0.840464 0.729577 0.754672 0.687603 ]
N: [ 10.000000 58.000000 11.000000 17.000000 10.000000 14.000000 ]
: 
Q: [ 0.787904 0.798500 0.814883 0.693117 0.723746 0.675418 ]
N: [ 10.000000 15.000000 54.000000 17.000000 10.000000 14.000000 ]
: 
Q: [ 0.646645 0.637171 0.628659 0.629918 0.701898 0.652786 ]
N: [ 10.000000 13.000000 11.000000 17.000000 55.000000 14.000000 ]
: 
Q: [ 0.927619 0.950009 0.934295 0.803837 0.809676 0.750372 ]
N: [ 10.000000 58.000000 11.000000 17.000000 10.000000 14.000000 ]
: 
Q: [ 0.892282 0.899457 0.882471 0.783674 0.807995 0.746880 ]
N: [ 12.000000 56.000000 11.000000 17.000000 10.000000 14.000000 ]
: 
Q: [ 0.863388 0.869487 0.851523 0.763492 0.776325 0.728694 ]
N: [ 11.000000 57.000000 11.000000 17.000000 10.000000 14.000000 ]
: 
Q: [ 0.837356 0.855585 0.837280 0.732430 0.759964 0.682370 ]
N: [ 10.000000 58.000000 11.000000 17.000000 10.000000 14.000000 ]
: 
Q: [ 0.797844 0.806097 0.818756 0.700447 0.730916 0.678002 ]
N: [ 10.000000 15.000000 54.000000 17.000000 10.000000 14.000000 ]
: 
Q: [ 0.659069 0.638200 0.624695 0.635750 0.704538 0.652574 ]
N: [ 10.000000 13.000000 11.000000 17.000000 55.000000 14.000000 ]
: 
Q: [ 0.925070 0.949661 0.936081 0.797728 0.802999 0.752967 ]
N: [ 10.000000 58.000000 11.000000 17.000000 10.000000 14.000000 ]
: 
Q: [ 0.893155 0.901930 0.885451 0.777542 0.801286 0.752987 ]
N: [ 11.000000 57.000000 11.000000 17.000000 10.000000 14.000000 ]
: 
Q: [ 0.862392 0.867580 0.849545 0.756510 0.767047 0.731242 ]
N: [ 10.000000 58.000000 11.000000 17.000000 10.000000 14.000000 ]
: 
Q: [ 0.833746 0.855542 0.834281 0.726305 0.754772 0.687690 ]
N: [ 10.000000 58.000000 11.000000 17.000000 10.000000 14.000000 ]
: 
Q: [ 0.797820 0.807625 0.823065 0.695024 0.722707 0.675810 ]
N: [ 10.000000 15.000000 54.000000 17.000000 10.000000 14.000000 ]
: 
Q: [ 0.653699 0.634995 0.630797 0.631349 0.700917 0.652276 ]
N: [ 10.000000 13.000000 11.000000 17.000000 55.000000 14.000000 ]
: 
Q: [ 0.926151 0.949597 0.939051 0.801418 0.807287 0.749179 ]
N: [ 10.000000 58.000000 11.000000 17.000000 10.000000 14.000000 ]
: 
Q: [ 0.892549 0.898999 0.886112 0.778152 0.805643 0.745322 ]
N: [ 11.000000 57.000000 11.000000 17.000000 10.000000 14.000000 ]
: 
Q: [ 0.862288 0.868834 0.852671 0.756172 0.773469 0.725897 ]
N: [ 10.000000 58.000000 11.000000 17.000000 10.000000 14.000000 ]
: 
Q: [ 0.837279 0.856317 0.839212 0.730763 0.755356 0.680070 ]
N: [ 10.000000 58.000000 11.000000 17.000000 10.000000 14.000000 ]
: 
Q: [ 0.791204 0.801275 0.819263 0.697267 0.726428 0.671754 ]
N: [ 10.000000 15.000000 54.000000 17.000000 10.000000 14.000000 ]
