: 
Q: [ 0.973800 0.975132 0.978323 0.932882 0.925900 0.896214 ]
N: [ 10.000000 38.000000 31.000000 17.000000 10.000000 14.000000 ]
: 
Q: [ 0.958417 0.939615 0.975630 0.902059 0.923600 0.894786 ]
N: [ 12.000000 13.000000 54.000000 17.000000 10.000000 14.000000 ]
: 
Q: [ 0.776400 0.714538 0.743000 0.828706 0.929782 0.893071 ]
N: [ 10.000000 13.000000 11.000000 17.000000 55.000000 14.000000 ]
: 
Q: [ 0.642900 0.622231 0.650545 0.741765 0.921927 0.886929 ]
N: [ 10.000000 13.000000 11.000000 17.000000 55.000000 14.000000 ]
: 
Q: [ 0.535000 0.493462 0.570091 0.648529 0.689077 0.842607 ]
N: [ 10.000000 13.000000 11.000000 17.000000 13.000000 56.000000 ]
: 
Q: [ 0.307900 0.263923 0.280273 0.491706 0.518308 0.546625 ]
N: [ 10.000000 13.000000 11.000000 17.000000 13.000000 56.000000 ]
: 
Q: [ 0.970760 0.971222 0.970455 0.931059 0.938700 0.890643 ]
N: [ 50.000000 18.000000 11.000000 17.000000 10.000000 14.000000 ]
: 
Q: [ 0.967036 0.948846 0.971342 0.900941 0.937500 0.894500 ]
N: [ 28.000000 13.000000 38.000000 17.000000 10.000000 14.000000 ]
: 
Q: [ 0.784700 0.719538 0.734182 0.831353 0.931545 0.890929 ]
N: [ 10.000000 13.000000 11.000000 17.000000 55.000000 14.000000 ]
: 
Q: [ 0.649400 0.626538 0.648455 0.748824 0.927018 0.884929 ]
N: [ 10.000000 13.000000 11.000000 17.000000 55.000000 14.000000 ]
: 
Q: [ 0.554400 0.513308 0.575455 0.654412 0.726231 0.857232 ]
N: [ 10.000000 13.000000 11.000000 17.000000 13.000000 56.000000 ]
: 
Q: [ 0.326500 0.259769 0.271000 0.496588 0.527769 0.547250 ]
N: [ 10.000000 13.000000 11.000000 17.000000 13.000000 56.000000 ]
: 
Q: [ 0.970700 0.973391 0.972783 0.923353 0.925300 0.899857 ]
N: [ 10.000000 46.000000 23.000000 17.000000 10.000000 14.000000 ]
: 
Q: [ 0.963083 0.951615 0.974296 0.891294 0.923300 0.899000 ]
N: [ 12.000000 13.000000 54.000000 17.000000 10.000000 14.000000 ]
: 
Q: [ 0.777100 0.716231 0.738091 0.819353 0.928145 0.897357 ]
N: [ 10.000000 13.000000 11.000000 17.000000 55.000000 14.000000 ]
: 
Q: [ 0.649200 0.631385 0.652545 0.744176 0.926582 0.893929 ]
N: [ 10.000000 13.000000 11.000000 17.000000 55.000000 14.000000 ]
: 
Q: [ 0.556200 0.515538 0.584455 0.656529 0.714000 0.863768 ]
N: [ 10.000000 13.000000 11.000000 17.000000 13.000000 56.000000 ]
: 
Q: [ 0.318500 0.258231 0.280091 0.495412 0.524154 0.558304 ]
N: [ 10.000000 13.000000 11.000000 17.000000 13.000000 56.000000 ]
: 
Q: [ 0.971400 0.974474 0.974940 0.930118 0.934900 0.891929 ]
N: [ 10.000000 19.000000 50.000000 17.000000 10.000000 14.000000 ]
: 
Q: [ 0.964000 0.947231 0.976039 0.900588 0.931900 0.890643 ]
N: [ 15.000000 13.000000 51.000000 17.000000 10.000000 14.000000 ]
: 
Q: [ 0.776500 0.717077 0.742455 0.827824 0.932127 0.889571 ]
N: [ 10.000000 13.000000 11.000000 17.000000 55.000000 14.000000 ]
: 
Q: [ 0.648600 0.627538 0.652818 0.749706 0.927145 0.886357 ]
N: [ 10.000000 13.000000 11.000000 17.000000 55.000000 14.000000 ]
: 
Q: [ 0.548700 0.512538 0.587455 0.654235 0.712154 0.853732 ]
N: [ 10.000000 13.000000 11.000000 17.000000 13.000000 56.000000 ]
: 
Q: [ 0.317000 0.261615 0.275182 0.492235 0.524385 0.551286 ]
N: [ 10.000000 13.000000 11.000000 17.000000 13.000000 56.000000 ]
