: 
Q: [ 0.890250 0.967941 0.966000 0.966000 0.954667 0.683083 0.922333 0.875300 0.778667 ]
N: [ 2.000000 17.000000 1.000000 2.000000 3.000000 6.000000 3.000000 5.000000 3.000000 ]
: 
Q: [ 0.921000 0.967833 0.973125 0.967200 0.954250 0.700500 0.906400 0.877167 0.788500 ]
N: [ 4.000000 12.000000 8.000000 5.000000 4.000000 6.000000 5.000000 6.000000 4.000000 ]
: 
Q: [ 0.923500 0.967800 0.972800 0.967200 0.961750 0.700500 0.906400 0.877167 0.788500 ]
N: [ 4.000000 15.000000 5.000000 5.000000 4.000000 6.000000 5.000000 6.000000 4.000000 ]
: 
Q: [ 0.919500 0.967833 0.971400 0.967200 0.965250 0.700333 0.899667 0.876000 0.787750 ]
N: [ 4.000000 12.000000 5.000000 5.000000 4.000000 6.000000 3.000000 5.000000 4.000000 ]
: 
Q: [ 0.913000 0.967833 0.971400 0.967200 0.955500 0.697333 0.899667 0.876000 0.781500 ]
N: [ 4.000000 12.000000 5.000000 5.000000 4.000000 6.000000 3.000000 5.000000 4.000000 ]
: 
Q: [ 0.888750 0.914500 0.866500 0.962333 0.926200 0.694667 0.899667 0.876000 0.779000 ]
N: [ 4.000000 4.000000 2.000000 15.000000 5.000000 6.000000 3.000000 5.000000 4.000000 ]
: 
Q: [ 0.778500 0.570333 0.428500 0.477250 0.864333 0.625500 0.902294 0.876000 0.701000 ]
N: [ 4.000000 3.000000 2.000000 4.000000 3.000000 6.000000 17.000000 5.000000 4.000000 ]
: 
Q: [ 0.936500 0.970867 0.967750 0.964250 0.956333 0.676333 0.920667 0.875400 0.786250 ]
N: [ 4.000000 15.000000 4.000000 4.000000 3.000000 6.000000 3.000000 5.000000 4.000000 ]
: 
Q: [ 0.936250 0.970867 0.967750 0.964250 0.964333 0.676333 0.920667 0.875400 0.785750 ]
N: [ 4.000000 15.000000 4.000000 4.000000 3.000000 6.000000 3.000000 5.000000 4.000000 ]
: 
Q: [ 0.932750 0.973500 0.969333 0.964250 0.975867 0.673500 0.920333 0.875400 0.786250 ]
N: [ 4.000000 4.000000 3.000000 4.000000 15.000000 6.000000 3.000000 5.000000 4.000000 ]
: 
Q: [ 0.923000 0.970867 0.967750 0.964250 0.962667 0.675833 0.920333 0.875400 0.783000 ]
N: [ 4.000000 15.000000 4.000000 4.000000 3.000000 6.000000 3.000000 5.000000 4.000000 ]
: 
Q: [ 0.896000 0.889000 0.839500 0.930667 0.923200 0.674500 0.922500 0.875400 0.773500 ]
N: [ 4.000000 3.000000 2.000000 15.000000 5.000000 6.000000 4.000000 5.000000 4.000000 ]
: 
Q: [ 0.777250 0.523667 0.413000 0.458000 0.881000 0.596000 0.921882 0.875200 0.690500 ]
N: [ 4.000000 3.000000 2.000000 4.000000 3.000000 6.000000 17.000000 5.000000 4.000000 ]
: 
Q: [ 0.707000 0.841285 0.874111 0.819667 0.954250 0.700500 0.906400 0.877167 0.788500 ]
N: [ 6.000000 14.000000 9.000000 6.000000 4.000000 6.000000 5.000000 6.000000 4.000000 ]
: 
Q: [ 0.841286 0.837823 0.825909 0.785375 0.883273 0.670778 0.905567 0.875625 0.752429 ]
N: [ 7.000000 17.000000 11.000000 8.000000 11.000000 9.000000 30.000000 8.000000 7.000000 ]
: 
Q: [ 0.663556 0.677609 0.658125 0.596667 0.678643 0.626889 0.662250 0.680333 0.673571 ]
N: [ 9.000000 23.000000 8.000000 9.000000 14.000000 9.000000 8.000000 21.000000 7.000000 ]
: 
Q: [ 0.537900 0.565227 0.526800 0.524600 0.561455 0.535000 0.491000 0.542778 0.531500 ]
N: [ 10.000000 22.000000 10.000000 10.000000 11.000000 10.000000 6.000000 9.000000 8.000000 ]
: 
Q: [ 0.520000 0.529826 0.511700 0.468000 0.528400 0.499800 0.475834 0.520000 0.495000 ]
N: [ 9.000000 23.000000 10.000000 11.000000 10.000000 10.000000 6.000000 9.000000 8.000000 ]
: 
Q: [ 0.482778 0.425333 0.450250 0.498166 0.520364 0.481300 0.466834 0.502667 0.471750 ]
N: [ 9.000000 9.000000 4.000000 30.000000 11.000000 10.000000 6.000000 9.000000 8.000000 ]
: 
Q: [ 0.372200 0.257000 0.293000 0.386200 0.392500 0.388636 0.405718 0.410182 0.401875 ]
N: [ 10.000000 7.000000 3.000000 5.000000 8.000000 11.000000 39.000000 11.000000 8.000000 ]
: 
Q: [ 0.789000 0.000000 0.000000 0.000000 0.000000 0.000000 0.000000 0.752000 0.000000 ]
N: [ 1.000000 1.000000 0.000000 0.000000 0.000000 1.000000 1.000000 3.000000 0.000000 ]
: 
Q: [ 0.789000 0.000000 0.000000 0.000000 0.000000 0.000000 0.000000 0.584819 0.000000 ]
N: [ 1.000000 1.000000 0.000000 0.000000 0.000000 0.000000 1.000000 3.000000 0.000000 ]
: 
Q: [ 0.789000 0.000000 0.000000 0.000000 0.000000 0.000000 0.000000 0.584819 0.000000 ]
N: [ 1.000000 1.000000 0.000000 0.000000 0.000000 0.000000 1.000000 3.000000 0.000000 ]
: 
Q: [ 0.902000 0.000000 0.000000 0.000000 0.000000 0.000000 0.000000 0.623764 0.000000 ]
N: [ 1.000000 1.000000 0.000000 0.000000 0.000000 0.000000 0.000000 3.000000 0.000000 ]
: 
Q: [ 0.902000 0.000000 0.000000 0.000000 0.000000 0.000000 0.000000 0.623764 0.000000 ]
N: [ 1.000000 1.000000 0.000000 0.000000 0.000000 0.000000 0.000000 3.000000 0.000000 ]
: 
Q: [ 0.451000 0.000000 0.000000 0.000000 0.000000 0.000000 0.000000 0.891789 0.000000 ]
N: [ 2.000000 1.000000 0.000000 0.000000 0.000000 0.000000 0.000000 2.000000 0.000000 ]
: 
Q: [ 0.394500 0.487000 0.000000 0.000000 0.000000 0.000000 0.788010 0.879000 0.000000 ]
N: [ 2.000000 2.000000 0.000000 0.000000 0.000000 3.000000 1.000000 3.000000 0.000000 ]
: 
Q: [ 0.394500 0.324667 0.000000 0.000000 0.000000 0.000000 0.890438 0.879000 0.000000 ]
N: [ 2.000000 3.000000 0.000000 0.000000 0.000000 3.000000 1.000000 3.000000 0.000000 ]
: 
Q: [ 0.394500 0.324667 0.000000 0.000000 0.000000 0.000000 0.890438 0.879000 0.000000 ]
N: [ 2.000000 3.000000 0.000000 0.000000 0.000000 3.000000 1.000000 3.000000 0.000000 ]
: 
Q: [ 0.394500 0.324667 0.000000 0.000000 0.000000 0.000000 0.890438 0.879000 0.000000 ]
N: [ 2.000000 3.000000 0.000000 0.000000 0.000000 3.000000 1.000000 3.000000 0.000000 ]
: 
Q: [ 0.875000 0.970333 0.000000 0.000000 0.000000 0.698333 0.892430 0.879000 0.000000 ]
N: [ 2.000000 3.000000 0.000000 0.000000 0.000000 3.000000 1.000000 3.000000 0.000000 ]
: 
Q: [ 0.394500 0.324667 0.000000 0.000000 0.000000 0.000333 0.893000 0.879000 0.000000 ]
N: [ 2.000000 3.000000 0.000000 0.000000 0.000000 3.000000 1.000000 3.000000 1.000000 ]
: 
Q: [ 0.665000 0.500000 0.000000 0.000000 0.000000 0.580000 0.500000 0.400000 0.000000 ]
N: [ 6.000000 4.000000 0.000000 0.000000 1.000000 5.000000 2.000000 5.000000 2.000000 ]
: 
Q: [ 0.665000 0.500000 0.000000 0.000000 0.000000 0.580000 0.500000 0.400000 0.000000 ]
N: [ 6.000000 4.000000 0.000000 0.000000 1.000000 5.000000 2.000000 5.000000 2.000000 ]
: 
Q: [ 0.665000 0.500000 0.000000 0.000000 0.000000 0.580000 0.500000 0.400000 0.000000 ]
N: [ 6.000000 4.000000 0.000000 0.000000 1.000000 5.000000 2.000000 5.000000 2.000000 ]
: 
Q: [ 0.665000 0.500000 0.000000 0.000000 0.000000 0.580000 0.500000 0.400000 0.000000 ]
N: [ 6.000000 4.000000 0.000000 0.000000 1.000000 5.000000 2.000000 5.000000 2.000000 ]
: 
Q: [ 0.665000 0.500000 0.000000 0.000000 0.000000 0.580000 0.500000 0.400000 0.000000 ]
N: [ 6.000000 4.000000 0.000000 0.000000 1.000000 5.000000 2.000000 5.000000 2.000000 ]
: 
Q: [ 0.665000 0.500000 0.000000 0.000000 0.000000 0.580000 0.500000 0.400000 0.000000 ]
N: [ 6.000000 4.000000 0.000000 0.000000 1.000000 5.000000 2.000000 5.000000 2.000000 ]
: 
Q: [ 0.665000 0.500000 0.000000 0.000000 0.000000 0.580000 0.500000 0.400000 0.000000 ]
N: [ 6.000000 4.000000 0.000000 0.000000 1.000000 5.000000 2.000000 5.000000 2.000000 ]
: 
Q: [ 0.665000 0.500000 0.000000 0.000000 0.000000 0.580000 0.500000 0.400000 0.000000 ]
N: [ 6.000000 4.000000 0.000000 0.000000 1.000000 5.000000 2.000000 5.000000 2.000000 ]
: 
Q: [ 0.500000 0.500000 0.000000 0.000000 0.000000 0.000000 1.000000 1.000000 0.000000 ]
N: [ 4.000000 2.000000 0.000000 0.000000 0.000000 3.000000 1.000000 2.000000 1.000000 ]
: 
Q: [ 0.500000 0.500000 0.000000 0.000000 0.000000 0.000000 1.000000 1.000000 0.000000 ]
N: [ 4.000000 2.000000 0.000000 0.000000 0.000000 3.000000 1.000000 2.000000 1.000000 ]
: 
Q: [ 0.500000 0.500000 0.000000 0.000000 0.000000 0.000000 1.000000 1.000000 0.000000 ]
N: [ 4.000000 2.000000 0.000000 0.000000 0.000000 3.000000 1.000000 2.000000 1.000000 ]
: 
Q: [ 0.500000 0.500000 0.000000 0.000000 0.000000 0.000000 1.000000 1.000000 0.000000 ]
N: [ 4.000000 2.000000 0.000000 0.000000 0.000000 3.000000 1.000000 2.000000 1.000000 ]
: 
Q: [ 0.500000 0.500000 0.000000 0.000000 0.000000 0.000000 1.000000 1.000000 0.000000 ]
N: [ 4.000000 2.000000 0.000000 0.000000 0.000000 3.000000 1.000000 2.000000 1.000000 ]
: 
Q: [ 0.500000 0.500000 0.000000 0.000000 0.000000 0.000000 1.000000 1.000000 0.000000 ]
N: [ 4.000000 2.000000 0.000000 0.000000 0.000000 3.000000 1.000000 2.000000 1.000000 ]
: 
Q: [ 0.500000 0.500000 0.000000 0.000000 0.000000 0.000000 1.000000 1.000000 0.000000 ]
N: [ 4.000000 2.000000 0.000000 0.000000 0.000000 3.000000 1.000000 2.000000 1.000000 ]
: 
Q: [ 0.500000 0.500000 0.000000 0.000000 0.000000 0.000000 1.000000 1.000000 0.000000 ]
N: [ 4.000000 2.000000 0.000000 0.000000 0.000000 3.000000 1.000000 2.000000 1.000000 ]
: 
Q: [ 0.500000 0.000000 0.000000 0.000000 0.000000 0.000000 0.000000 1.000000 0.000000 ]
N: [ 2.000000 1.000000 0.000000 0.000000 0.000000 1.000000 1.000000 2.000000 0.000000 ]
: 
Q: [ 0.500000 0.000000 0.000000 0.000000 0.000000 0.000000 0.000000 1.000000 0.000000 ]
N: [ 2.000000 1.000000 0.000000 0.000000 0.000000 1.000000 1.000000 2.000000 0.000000 ]
: 
Q: [ 0.500000 0.000000 0.000000 0.000000 0.000000 0.000000 0.000000 1.000000 0.000000 ]
N: [ 2.000000 1.000000 0.000000 0.000000 0.000000 1.000000 1.000000 2.000000 0.000000 ]
: 
Q: [ 0.500000 0.000000 0.000000 0.000000 0.000000 0.000000 0.000000 1.000000 0.000000 ]
N: [ 2.000000 1.000000 0.000000 0.000000 0.000000 1.000000 1.000000 2.000000 0.000000 ]
: 
Q: [ 0.500000 0.000000 0.000000 0.000000 0.000000 0.000000 0.000000 1.000000 0.000000 ]
N: [ 2.000000 1.000000 0.000000 0.000000 0.000000 1.000000 1.000000 2.000000 0.000000 ]
: 
Q: [ 0.500000 0.000000 0.000000 0.000000 0.000000 0.000000 0.000000 1.000000 0.000000 ]
N: [ 2.000000 1.000000 0.000000 0.000000 0.000000 1.000000 1.000000 2.000000 0.000000 ]
: 
Q: [ 0.500000 0.000000 0.000000 0.000000 0.000000 0.000000 0.000000 1.000000 0.000000 ]
N: [ 2.000000 1.000000 0.000000 0.000000 0.000000 1.000000 1.000000 2.000000 0.000000 ]
: 
Q: [ 0.500000 0.000000 0.000000 0.000000 0.000000 0.000000 0.000000 1.000000 0.000000 ]
N: [ 2.000000 1.000000 0.000000 0.000000 0.000000 1.000000 1.000000 2.000000 0.000000 ]
: 
Q: [ 0.500000 0.000000 0.000000 0.000000 0.000000 0.000000 0.000000 1.000000 0.000000 ]
N: [ 2.000000 1.000000 0.000000 0.000000 0.000000 1.000000 1.000000 2.000000 0.000000 ]
: 
Q: [ 0.500000 0.000000 0.000000 0.000000 0.000000 0.000000 0.000000 1.000000 0.000000 ]
N: [ 2.000000 1.000000 0.000000 0.000000 0.000000 1.000000 1.000000 2.000000 0.000000 ]
: 
Q: [ 0.500000 0.000000 0.000000 0.000000 0.000000 0.000000 0.000000 1.000000 0.000000 ]
N: [ 2.000000 1.000000 0.000000 0.000000 0.000000 1.000000 1.000000 2.000000 0.000000 ]
: 
Q: [ 0.500000 0.000000 0.000000 0.000000 0.000000 0.000000 0.000000 1.000000 0.000000 ]
N: [ 2.000000 1.000000 0.000000 0.000000 0.000000 1.000000 1.000000 2.000000 0.000000 ]
: 
Q: [ 0.500000 0.000000 0.000000 0.000000 0.000000 0.000000 0.000000 1.000000 0.000000 ]
N: [ 2.000000 1.000000 0.000000 0.000000 0.000000 1.000000 1.000000 2.000000 0.000000 ]
: 
Q: [ 0.500000 0.000000 0.000000 0.000000 0.000000 0.000000 0.000000 1.000000 0.000000 ]
N: [ 2.000000 1.000000 0.000000 0.000000 0.000000 1.000000 1.000000 2.000000 0.000000 ]
: 
Q: [ 0.500000 0.000000 0.000000 0.000000 0.000000 0.000000 0.000000 1.000000 0.000000 ]
N: [ 2.000000 1.000000 0.000000 0.000000 0.000000 1.000000 1.000000 2.000000 0.000000 ]
: 
Q: [ 0.500000 0.000000 0.000000 0.000000 0.000000 0.000000 0.000000 1.000000 0.000000 ]
N: [ 2.000000 1.000000 0.000000 0.000000 0.000000 1.000000 1.000000 2.000000 0.000000 ]
: 
Q: [ 0.500000 1.000000 0.000000 0.000000 0.000000 1.000000 1.000000 1.000000 0.000000 ]
N: [ 2.000000 1.000000 0.000000 0.000000 0.000000 1.000000 1.000000 2.000000 0.000000 ]
: 
Q: [ 0.500000 1.000000 0.000000 0.000000 0.000000 1.000000 1.000000 1.000000 0.000000 ]
N: [ 2.000000 1.000000 0.000000 0.000000 0.000000 1.000000 1.000000 2.000000 0.000000 ]
: 
Q: [ 0.500000 1.000000 0.000000 0.000000 0.000000 1.000000 1.000000 1.000000 0.000000 ]
N: [ 2.000000 1.000000 0.000000 0.000000 0.000000 1.000000 1.000000 2.000000 0.000000 ]
: 
Q: [ 0.500000 1.000000 0.000000 0.000000 0.000000 1.000000 1.000000 1.000000 0.000000 ]
N: [ 2.000000 1.000000 0.000000 0.000000 0.000000 1.000000 1.000000 2.000000 0.000000 ]
: 
Q: [ 0.500000 1.000000 0.000000 0.000000 0.000000 1.000000 1.000000 1.000000 0.000000 ]
N: [ 2.000000 1.000000 0.000000 0.000000 0.000000 1.000000 1.000000 2.000000 0.000000 ]
: 
Q: [ 0.500000 1.000000 0.000000 0.000000 0.000000 1.000000 1.000000 1.000000 0.000000 ]
N: [ 2.000000 1.000000 0.000000 0.000000 0.000000 1.000000 1.000000 2.000000 0.000000 ]
: 
Q: [ 0.902000 0.984000 0.000000 0.000000 0.000000 0.848000 0.956000 1.294000 0.000000 ]
N: [ 1.000000 1.000000 0.000000 0.000000 0.000000 1.000000 1.000000 3.000000 0.000000 ]
: 
Q: [ 0.950000 1.000000 0.000000 0.000000 0.000000 0.950000 0.990000 0.653333 0.000000 ]
N: [ 1.000000 1.000000 0.000000 0.000000 0.000000 1.000000 1.000000 3.000000 0.000000 ]
: 
Q: [ 0.950000 1.000000 0.000000 0.000000 0.000000 0.950000 0.990000 0.653333 0.000000 ]
N: [ 1.000000 1.000000 0.000000 0.000000 0.000000 1.000000 1.000000 3.000000 0.000000 ]
: 
Q: [ 0.875000 0.969125 0.000000 0.000000 0.965000 0.699800 0.903000 0.876200 0.771000 ]
N: [ 2.000000 8.000000 0.000000 0.000000 1.000000 5.000000 2.000000 5.000000 2.000000 ]
: 
Q: [ 0.875000 0.969125 0.000000 0.000000 0.965000 0.699800 0.903000 0.876200 0.771000 ]
N: [ 2.000000 8.000000 0.000000 0.000000 1.000000 5.000000 2.000000 5.000000 2.000000 ]
: 
Q: [ 0.500000 1.000000 0.000000 0.000000 0.000000 1.000000 1.000000 1.000000 0.000000 ]
N: [ 2.000000 1.000000 0.000000 0.000000 0.000000 1.000000 1.000000 2.000000 0.000000 ]
: 
Q: [ 0.500000 1.000000 0.000000 0.000000 0.000000 1.000000 1.000000 1.000000 0.000000 ]
N: [ 2.000000 1.000000 0.000000 0.000000 0.000000 1.000000 1.000000 2.000000 0.000000 ]
: 
Q: [ 0.500000 1.000000 0.000000 0.000000 0.000000 1.000000 1.000000 1.000000 0.000000 ]
N: [ 2.000000 1.000000 0.000000 0.000000 0.000000 1.000000 1.000000 2.000000 0.000000 ]
: 
Q: [ 0.500000 1.000000 0.000000 0.000000 0.000000 1.000000 1.000000 1.000000 0.000000 ]
N: [ 2.000000 1.000000 0.000000 0.000000 0.000000 1.000000 1.000000 2.000000 0.000000 ]
: 
Q: [ 0.500000 1.000000 0.000000 0.000000 0.000000 1.000000 1.000000 1.000000 0.000000 ]
N: [ 2.000000 1.000000 0.000000 0.000000 0.000000 1.000000 1.000000 2.000000 0.000000 ]
: 
Q: [ 0.500000 1.000000 0.000000 0.000000 0.000000 1.000000 1.000000 1.000000 0.000000 ]
N: [ 2.000000 1.000000 0.000000 0.000000 0.000000 1.000000 1.000000 2.000000 0.000000 ]
: 
Q: [ 0.500000 1.000000 0.000000 0.000000 0.000000 1.000000 1.000000 1.000000 0.000000 ]
N: [ 2.000000 1.000000 0.000000 0.000000 0.000000 1.000000 1.000000 2.000000 0.000000 ]
: 
Q: [ 0.500000 1.000000 0.000000 0.000000 0.000000 1.000000 1.000000 1.000000 0.000000 ]
N: [ 2.000000 1.000000 0.000000 0.000000 0.000000 1.000000 1.000000 2.000000 0.000000 ]
: 
Q: [ 0.500000 1.000000 0.000000 0.000000 0.000000 1.000000 1.000000 1.000000 0.000000 ]
N: [ 2.000000 1.000000 0.000000 0.000000 0.000000 1.000000 1.000000 2.000000 0.000000 ]
: 
Q: [ 0.500000 1.000000 0.000000 0.000000 0.000000 1.000000 1.000000 1.000000 0.000000 ]
N: [ 2.000000 1.000000 0.000000 0.000000 0.000000 1.000000 1.000000 2.000000 0.000000 ]
: 
Q: [ 0.500000 1.000000 0.000000 0.000000 0.000000 1.000000 1.000000 1.000000 0.000000 ]
N: [ 2.000000 1.000000 0.000000 0.000000 0.000000 1.000000 1.000000 2.000000 0.000000 ]
: 
Q: [ 0.500000 1.000000 0.000000 0.000000 0.000000 1.000000 1.000000 1.000000 0.000000 ]
N: [ 2.000000 1.000000 0.000000 0.000000 0.000000 1.000000 1.000000 2.000000 0.000000 ]
: 
Q: [ 0.500000 1.000000 0.000000 0.000000 0.000000 1.000000 1.000000 1.000000 0.000000 ]
N: [ 2.000000 1.000000 0.000000 0.000000 0.000000 1.000000 1.000000 2.000000 0.000000 ]
: 
Q: [ 0.500000 1.000000 0.000000 0.000000 0.000000 1.000000 1.000000 1.000000 0.000000 ]
N: [ 2.000000 1.000000 0.000000 0.000000 0.000000 1.000000 1.000000 2.000000 0.000000 ]
: 
Q: [ 0.500000 1.000000 0.000000 0.000000 0.000000 1.000000 1.000000 1.000000 0.000000 ]
N: [ 2.000000 1.000000 0.000000 0.000000 0.000000 1.000000 1.000000 2.000000 0.000000 ]
: 
Q: [ 0.100000 0.200000 0.000000 0.000000 0.000000 0.200000 0.200000 0.200000 0.000000 ]
N: [ 2.000000 1.000000 0.000000 0.000000 0.000000 1.000000 1.000000 2.000000 0.000000 ]
: 
Q: [ 0.100000 0.200000 0.000000 0.000000 0.000000 0.200000 0.200000 0.200000 0.000000 ]
N: [ 2.000000 1.000000 0.000000 0.000000 0.000000 1.000000 1.000000 2.000000 0.000000 ]
: 
Q: [ 0.000000 0.333333 0.000000 0.000000 0.000000 0.333333 0.000000 0.111111 0.000000 ]
N: [ 1.000000 1.000000 0.000000 0.000000 0.000000 1.000000 1.000000 3.000000 0.000000 ]
: 
Q: [ 0.100000 0.200000 0.000000 0.000000 0.000000 0.200000 0.200000 0.200000 0.000000 ]
N: [ 2.000000 1.000000 0.000000 0.000000 0.000000 1.000000 1.000000 2.000000 0.000000 ]
: 
Q: [ 0.100000 0.200000 0.000000 0.000000 0.000000 0.200000 0.200000 0.200000 0.000000 ]
N: [ 2.000000 1.000000 0.000000 0.000000 0.000000 1.000000 1.000000 2.000000 0.000000 ]
: 
Q: [ 0.100000 0.200000 0.000000 0.000000 0.000000 0.200000 0.200000 0.200000 0.000000 ]
N: [ 2.000000 1.000000 0.000000 0.000000 0.000000 1.000000 1.000000 2.000000 0.000000 ]
: 
Q: [ 0.100000 0.200000 0.000000 0.000000 0.000000 0.200000 0.200000 0.200000 0.000000 ]
N: [ 2.000000 1.000000 0.000000 0.000000 0.000000 1.000000 1.000000 2.000000 0.000000 ]
: 
Q: [ 0.400000 0.600000 0.000000 0.000000 0.000000 0.800000 0.800000 0.800000 0.000000 ]
N: [ 2.000000 1.000000 0.000000 0.000000 0.000000 1.000000 1.000000 2.000000 0.000000 ]
: 
Q: [ 0.100000 0.200000 0.000000 0.000000 0.000000 0.200000 0.200000 0.200000 0.000000 ]
N: [ 2.000000 1.000000 0.000000 0.000000 0.000000 1.000000 1.000000 2.000000 0.000000 ]
: 
Q: [ 0.400000 0.600000 0.000000 0.000000 0.000000 0.800000 0.800000 0.800000 0.000000 ]
N: [ 2.000000 1.000000 0.000000 0.000000 0.000000 1.000000 1.000000 2.000000 0.000000 ]
: 
Q: [ 0.250000 0.000000 0.000000 0.000000 0.000000 0.500000 0.500000 0.500000 0.000000 ]
N: [ 2.000000 1.000000 0.000000 0.000000 0.000000 1.000000 1.000000 2.000000 0.000000 ]
: 
Q: [ 0.000000 0.000000 0.000000 0.000000 0.000000 0.000000 1.000000 0.333333 0.000000 ]
N: [ 1.000000 1.000000 0.000000 0.000000 0.000000 1.000000 1.000000 3.000000 0.000000 ]
: 
Q: [ 0.250000 0.000000 0.000000 0.000000 0.000000 0.500000 0.500000 0.500000 0.000000 ]
N: [ 2.000000 1.000000 0.000000 0.000000 0.000000 1.000000 1.000000 2.000000 0.000000 ]
: 
Q: [ 0.250000 0.000000 0.000000 0.000000 0.000000 0.500000 0.500000 0.500000 0.000000 ]
N: [ 2.000000 1.000000 0.000000 0.000000 0.000000 1.000000 1.000000 2.000000 0.000000 ]
: 
Q: [ 0.250000 0.000000 0.000000 0.000000 0.000000 0.500000 0.500000 0.500000 0.000000 ]
N: [ 2.000000 1.000000 0.000000 0.000000 0.000000 1.000000 1.000000 2.000000 0.000000 ]
: 
Q: [ 0.250000 0.000000 0.000000 0.000000 0.000000 0.500000 0.500000 0.500000 0.000000 ]
N: [ 2.000000 1.000000 0.000000 0.000000 0.000000 1.000000 1.000000 2.000000 0.000000 ]
: 
Q: [ 0.250000 0.000000 0.000000 0.000000 0.000000 0.500000 0.500000 0.500000 0.000000 ]
N: [ 2.000000 1.000000 0.000000 0.000000 0.000000 1.000000 1.000000 2.000000 0.000000 ]
: 
Q: [ 0.250000 0.000000 0.000000 0.000000 0.000000 0.500000 0.500000 0.500000 0.000000 ]
N: [ 2.000000 1.000000 0.000000 0.000000 0.000000 1.000000 1.000000 2.000000 0.000000 ]
: 
Q: [ 0.250000 0.000000 0.000000 0.000000 0.000000 0.500000 0.500000 0.500000 0.000000 ]
N: [ 2.000000 1.000000 0.000000 0.000000 0.000000 1.000000 1.000000 2.000000 0.000000 ]
: 
Q: [ 0.250000 0.000000 0.000000 0.000000 0.000000 0.500000 0.500000 0.500000 0.000000 ]
N: [ 2.000000 1.000000 0.000000 0.000000 0.000000 1.000000 1.000000 2.000000 0.000000 ]
: 
Q: [ 0.250000 0.000000 0.000000 0.000000 0.000000 0.500000 0.500000 0.500000 0.000000 ]
N: [ 2.000000 1.000000 0.000000 0.000000 0.000000 1.000000 1.000000 2.000000 0.000000 ]
: 
Q: [ 0.250000 0.000000 0.000000 0.000000 0.000000 0.500000 0.500000 0.500000 0.000000 ]
N: [ 2.000000 1.000000 0.000000 0.000000 0.000000 1.000000 1.000000 2.000000 0.000000 ]
: 
Q: [ 0.250000 0.000000 0.000000 0.000000 0.000000 0.500000 0.500000 0.500000 0.000000 ]
N: [ 2.000000 1.000000 0.000000 0.000000 0.000000 1.000000 1.000000 2.000000 0.000000 ]
: 
Q: [ 0.500000 0.500000 0.000000 0.000000 0.000000 1.000000 1.000000 1.000000 0.000000 ]
N: [ 2.000000 1.000000 0.000000 0.000000 0.000000 1.000000 1.000000 2.000000 0.000000 ]
: 
Q: [ 0.500000 0.500000 0.000000 0.000000 0.000000 1.000000 1.000000 1.000000 0.000000 ]
N: [ 2.000000 1.000000 0.000000 0.000000 0.000000 1.000000 1.000000 2.000000 0.000000 ]
: 
Q: [ 0.750000 0.500000 0.000000 0.000000 0.000000 0.000000 1.000000 1.000000 0.000000 ]
N: [ 2.000000 1.000000 0.000000 0.000000 0.000000 0.000000 1.000000 2.000000 0.000000 ]
: 
Q: [ 0.750000 0.500000 0.000000 0.000000 0.000000 0.000000 1.000000 1.000000 0.000000 ]
N: [ 2.000000 1.000000 0.000000 0.000000 0.000000 0.000000 1.000000 2.000000 0.000000 ]
: 
Q: [ 0.750000 0.500000 0.000000 0.000000 0.000000 0.000000 1.000000 1.000000 0.000000 ]
N: [ 2.000000 1.000000 0.000000 0.000000 0.000000 0.000000 1.000000 2.000000 0.000000 ]
: 
Q: [ 0.750000 0.500000 0.000000 0.000000 0.000000 0.000000 1.000000 1.000000 0.000000 ]
N: [ 2.000000 1.000000 0.000000 0.000000 0.000000 0.000000 1.000000 2.000000 0.000000 ]
: 
Q: [ 0.575000 0.541000 0.000000 0.000000 0.000000 0.000000 0.833000 0.818667 0.000000 ]
N: [ 1.000000 1.000000 0.000000 0.000000 0.000000 0.000000 1.000000 3.000000 0.000000 ]
: 
Q: [ 0.512000 0.523000 0.000000 0.000000 0.000000 0.000000 0.631000 0.655667 0.000000 ]
N: [ 1.000000 1.000000 0.000000 0.000000 0.000000 0.000000 1.000000 3.000000 0.000000 ]
: 
Q: [ 0.739667 0.703667 0.581667 0.636000 0.898667 0.585500 0.924508 0.890000 0.696000 ]
N: [ 3.000000 3.000000 3.000000 2.000000 3.000000 8.000000 65.000000 5.000000 4.000000 ]
: 
Q: [ 0.468667 0.351333 0.352333 0.350000 0.712000 0.495750 0.720800 0.802415 0.578750 ]
N: [ 3.000000 3.000000 3.000000 2.000000 3.000000 8.000000 5.000000 65.000000 4.000000 ]
: 
Q: [ 0.359333 0.303333 0.305667 0.304000 0.524242 0.402375 0.370600 0.429667 0.384000 ]
N: [ 3.000000 3.000000 3.000000 2.000000 62.000000 8.000000 5.000000 6.000000 4.000000 ]
: 
Q: [ 0.306250 0.239667 0.242667 0.240500 0.439742 0.318000 0.304400 0.336000 0.310500 ]
N: [ 4.000000 3.000000 3.000000 2.000000 62.000000 8.000000 5.000000 5.000000 4.000000 ]
: 
Q: [ 0.276500 0.164333 0.166333 0.164500 0.391694 0.287000 0.254000 0.303000 0.281500 ]
N: [ 4.000000 3.000000 3.000000 2.000000 62.000000 8.000000 5.000000 5.000000 4.000000 ]
: 
Q: [ 0.238500 0.103000 0.103333 0.104333 0.325851 0.242727 0.103400 0.221000 0.244800 ]
N: [ 4.000000 3.000000 6.000000 3.000000 67.000000 11.000000 5.000000 4.000000 5.000000 ]
: 
Q: [ 0.728333 0.663667 0.567333 0.610500 0.889333 0.569375 0.915831 0.872400 0.672000 ]
N: [ 3.000000 3.000000 3.000000 2.000000 3.000000 8.000000 65.000000 5.000000 4.000000 ]
: 
Q: [ 0.468000 0.337333 0.337333 0.337000 0.679333 0.496250 0.644200 0.770262 0.558250 ]
N: [ 3.000000 3.000000 3.000000 2.000000 3.000000 8.000000 5.000000 65.000000 4.000000 ]
: 
Q: [ 0.358000 0.297000 0.297667 0.298000 0.509097 0.398875 0.351400 0.406333 0.370500 ]
N: [ 3.000000 3.000000 3.000000 2.000000 62.000000 8.000000 5.000000 6.000000 4.000000 ]
: 
Q: [ 0.295250 0.231333 0.231667 0.231500 0.420452 0.312000 0.290600 0.316500 0.299000 ]
N: [ 4.000000 3.000000 3.000000 2.000000 62.000000 9.000000 5.000000 4.000000 4.000000 ]
: 
Q: [ 0.267000 0.172667 0.173000 0.173000 0.374661 0.279778 0.245600 0.287500 0.273250 ]
N: [ 4.000000 3.000000 3.000000 2.000000 62.000000 9.000000 5.000000 4.000000 4.000000 ]
: 
Q: [ 0.231500 0.105000 0.106167 0.105667 0.311522 0.236909 0.106000 0.198000 0.239200 ]
N: [ 4.000000 3.000000 6.000000 3.000000 67.000000 11.000000 5.000000 4.000000 5.000000 ]
: 
Q: [ 0.774333 0.709667 0.586000 0.661500 0.912000 0.592250 0.924785 0.880600 0.693500 ]
N: [ 3.000000 3.000000 3.000000 2.000000 3.000000 8.000000 65.000000 5.000000 4.000000 ]
: 
Q: [ 0.469333 0.337000 0.335667 0.338500 0.712000 0.509875 0.737000 0.801769 0.588250 ]
N: [ 3.000000 3.000000 3.000000 2.000000 3.000000 8.000000 5.000000 65.000000 4.000000 ]
: 
Q: [ 0.365000 0.289000 0.288333 0.289500 0.521258 0.413875 0.345400 0.417167 0.406500 ]
N: [ 3.000000 3.000000 3.000000 2.000000 62.000000 8.000000 5.000000 6.000000 4.000000 ]
: 
Q: [ 0.302250 0.221667 0.220333 0.221000 0.428823 0.334000 0.284200 0.312000 0.308250 ]
N: [ 4.000000 3.000000 3.000000 2.000000 62.000000 9.000000 5.000000 4.000000 4.000000 ]
: 
Q: [ 0.266000 0.151333 0.150333 0.151000 0.380387 0.283222 0.222600 0.283000 0.267750 ]
N: [ 3.000000 3.000000 3.000000 2.000000 62.000000 9.000000 5.000000 5.000000 4.000000 ]
: 
Q: [ 0.229000 0.079667 0.079000 0.079000 0.296290 0.236111 0.079000 0.187500 0.233000 ]
N: [ 4.000000 3.000000 3.000000 2.000000 62.000000 9.000000 5.000000 4.000000 4.000000 ]
: 
Q: [ 0.742000 0.681000 0.577667 0.626500 0.907333 0.572250 0.930892 0.883800 0.667000 ]
N: [ 3.000000 3.000000 3.000000 2.000000 3.000000 8.000000 65.000000 5.000000 4.000000 ]
: 
Q: [ 0.471000 0.343667 0.343667 0.344000 0.710000 0.506625 0.683800 0.789123 0.559000 ]
N: [ 3.000000 3.000000 3.000000 2.000000 3.000000 8.000000 5.000000 65.000000 4.000000 ]
: 
Q: [ 0.350667 0.283667 0.282667 0.285000 0.521919 0.413000 0.345200 0.428667 0.388250 ]
N: [ 3.000000 3.000000 3.000000 2.000000 62.000000 8.000000 5.000000 6.000000 4.000000 ]
: 
Q: [ 0.294250 0.222667 0.223000 0.225000 0.431371 0.330333 0.276800 0.313500 0.296750 ]
N: [ 4.000000 3.000000 3.000000 2.000000 62.000000 9.000000 5.000000 4.000000 4.000000 ]
: 
Q: [ 0.261667 0.152667 0.152667 0.154500 0.381048 0.284889 0.226800 0.278600 0.255250 ]
N: [ 3.000000 3.000000 3.000000 2.000000 62.000000 9.000000 5.000000 5.000000 4.000000 ]
: 
Q: [ 0.223250 0.088667 0.088333 0.089000 0.304242 0.225556 0.087800 0.186750 0.226000 ]
N: [ 4.000000 3.000000 3.000000 2.000000 62.000000 9.000000 5.000000 4.000000 4.000000 ]
: 
Q: [ 0.717333 0.664333 0.567333 0.611000 0.886000 0.570875 0.922785 0.877200 0.688500 ]
N: [ 3.000000 3.000000 3.000000 2.000000 3.000000 8.000000 65.000000 5.000000 4.000000 ]
: 
Q: [ 0.453667 0.333667 0.333667 0.333500 0.685333 0.492125 0.653400 0.782662 0.567000 ]
N: [ 3.000000 3.000000 3.000000 2.000000 3.000000 8.000000 5.000000 65.000000 4.000000 ]
: 
Q: [ 0.341750 0.286000 0.285333 0.286000 0.507355 0.394000 0.342600 0.407600 0.372500 ]
N: [ 4.000000 3.000000 3.000000 2.000000 62.000000 8.000000 5.000000 5.000000 4.000000 ]
: 
Q: [ 0.284000 0.225000 0.225000 0.225000 0.422758 0.300875 0.283000 0.310000 0.281750 ]
N: [ 4.000000 3.000000 3.000000 2.000000 62.000000 8.000000 5.000000 5.000000 4.000000 ]
: 
Q: [ 0.250333 0.158333 0.158333 0.157500 0.367984 0.260625 0.230600 0.281167 0.257250 ]
N: [ 3.000000 3.000000 3.000000 2.000000 62.000000 8.000000 5.000000 6.000000 4.000000 ]
: 
Q: [ 0.216000 0.078000 0.078000 0.078000 0.303113 0.217375 0.078000 0.198500 0.221000 ]
N: [ 5.000000 3.000000 3.000000 2.000000 62.000000 8.000000 5.000000 4.000000 4.000000 ]
: 
Q: [ 0.737000 0.670000 0.568333 0.610500 0.910000 0.580375 0.920123 0.893200 0.687250 ]
N: [ 3.000000 3.000000 3.000000 2.000000 3.000000 8.000000 65.000000 5.000000 4.000000 ]
: 
Q: [ 0.456667 0.326000 0.325000 0.324000 0.698667 0.505625 0.649000 0.777615 0.589250 ]
N: [ 3.000000 3.000000 3.000000 2.000000 3.000000 8.000000 5.000000 65.000000 4.000000 ]
: 
Q: [ 0.353000 0.285667 0.286667 0.285500 0.507548 0.406250 0.322200 0.411000 0.393000 ]
N: [ 3.000000 3.000000 3.000000 2.000000 62.000000 8.000000 5.000000 6.000000 4.000000 ]
: 
Q: [ 0.298000 0.225000 0.225333 0.224500 0.425500 0.323111 0.280600 0.300000 0.301500 ]
N: [ 4.000000 3.000000 3.000000 2.000000 62.000000 9.000000 5.000000 4.000000 4.000000 ]
: 
Q: [ 0.269667 0.157667 0.157667 0.157500 0.371452 0.276250 0.224600 0.278167 0.272500 ]
N: [ 3.000000 3.000000 3.000000 2.000000 62.000000 8.000000 5.000000 6.000000 4.000000 ]
: 
Q: [ 0.225250 0.090000 0.090000 0.090000 0.290355 0.232222 0.090000 0.187750 0.238250 ]
N: [ 4.000000 3.000000 3.000000 2.000000 62.000000 9.000000 5.000000 4.000000 4.000000 ]
: 
Q: [ 0.752000 0.695333 0.575667 0.623000 0.906625 0.578500 0.924317 0.886000 0.690250 ]
N: [ 3.000000 3.000000 3.000000 2.000000 8.000000 8.000000 60.000000 5.000000 4.000000 ]
: 
Q: [ 0.467000 0.336667 0.328667 0.338000 0.697333 0.501875 0.712200 0.815077 0.574750 ]
N: [ 3.000000 3.000000 3.000000 2.000000 3.000000 8.000000 5.000000 65.000000 4.000000 ]
: 
Q: [ 0.350333 0.295667 0.295000 0.296000 0.512871 0.404625 0.342600 0.420167 0.388250 ]
N: [ 3.000000 3.000000 3.000000 2.000000 62.000000 8.000000 5.000000 6.000000 4.000000 ]
: 
Q: [ 0.298000 0.225333 0.225333 0.226000 0.429774 0.323667 0.290600 0.310750 0.295000 ]
N: [ 4.000000 3.000000 3.000000 2.000000 62.000000 9.000000 5.000000 4.000000 4.000000 ]
: 
Q: [ 0.263500 0.158000 0.157333 0.158500 0.373113 0.271250 0.240800 0.287400 0.261500 ]
N: [ 4.000000 3.000000 3.000000 2.000000 62.000000 8.000000 5.000000 5.000000 4.000000 ]
: 
Q: [ 0.228200 0.097333 0.097667 0.097500 0.305419 0.231625 0.098000 0.204500 0.232000 ]
N: [ 5.000000 3.000000 3.000000 2.000000 62.000000 8.000000 5.000000 4.000000 4.000000 ]
