: 
Q: [ 0.906797 0.948352 0.913744 0.731702 0.732097 0.660657 ]
N: [ 10.000000 58.000000 11.000000 17.000000 10.000000 14.000000 ]
: 
Q: [ 0.905647 0.941034 0.909087 0.724945 0.732826 0.659867 ]
N: [ 10.000000 58.000000 11.000000 17.000000 10.000000 14.000000 ]
: 
Q: [ 0.858590 0.883664 0.855969 0.706522 0.732648 0.660959 ]
N: [ 10.000000 58.000000 11.000000 17.000000 10.000000 14.000000 ]
: 
Q: [ 0.824904 0.860185 0.830866 0.686443 0.731252 0.660980 ]
N: [ 10.000000 58.000000 11.000000 17.000000 10.000000 14.000000 ]
: 
Q: [ 0.798485 0.829497 0.808403 0.662010 0.672873 0.650070 ]
N: [ 10.000000 58.000000 11.000000 17.000000 10.000000 14.000000 ]
: 
Q: [ 0.738680 0.765647 0.737701 0.622240 0.631492 0.574568 ]
N: [ 10.000000 58.000000 11.000000 17.000000 10.000000 14.000000 ]
: 
Q: [ 0.906833 0.946773 0.912863 0.738958 0.735457 0.659644 ]
N: [ 10.000000 58.000000 11.000000 17.000000 10.000000 14.000000 ]
: 
Q: [ 0.906626 0.941592 0.908408 0.731659 0.735470 0.660194 ]
N: [ 10.000000 58.000000 11.000000 17.000000 10.000000 14.000000 ]
: 
Q: [ 0.861854 0.885286 0.856987 0.713161 0.735517 0.660152 ]
N: [ 10.000000 58.000000 11.000000 17.000000 10.000000 14.000000 ]
: 
Q: [ 0.829032 0.861762 0.832968 0.692618 0.734891 0.659974 ]
N: [ 10.000000 58.000000 11.000000 17.000000 10.000000 14.000000 ]
: 
Q: [ 0.805918 0.834704 0.812417 0.669962 0.683758 0.653149 ]
N: [ 10.000000 58.000000 11.000000 17.000000 10.000000 14.000000 ]
: 
Q: [ 0.746170 0.770013 0.743198 0.630010 0.633164 0.579029 ]
N: [ 10.000000 58.000000 11.000000 17.000000 10.000000 14.000000 ]
: 
Q: [ 0.906291 0.947120 0.912442 0.736178 0.733138 0.660648 ]
N: [ 10.000000 58.000000 11.000000 17.000000 10.000000 14.000000 ]
: 
Q: [ 0.906130 0.942064 0.908078 0.728585 0.733510 0.660410 ]
N: [ 10.000000 58.000000 11.000000 17.000000 10.000000 14.000000 ]
: 
Q: [ 0.859122 0.884491 0.855411 0.710843 0.733799 0.661105 ]
N: [ 10.000000 58.000000 11.000000 17.000000 10.000000 14.000000 ]
: 
Q: [ 0.827534 0.862034 0.832843 0.690285 0.733013 0.660879 ]
N: [ 10.000000 58.000000 11.000000 17.000000 10.000000 14.000000 ]
: 
Q: [ 0.803431 0.832253 0.810606 0.666565 0.681565 0.649355 ]
N: [ 10.000000 58.000000 11.000000 17.000000 10.000000 14.000000 ]
: 
Q: [ 0.742253 0.768463 0.742326 0.627938 0.632893 0.578249 ]
N: [ 10.000000 58.000000 11.000000 17.000000 10.000000 14.000000 ]
: 
Q: [ 0.905592 0.946674 0.912956 0.733128 0.734103 0.660722 ]
N: [ 10.000000 58.000000 11.000000 17.000000 10.000000 14.000000 ]
: 
Q: [ 0.905288 0.940528 0.908126 0.725268 0.733890 0.660353 ]
N: [ 10.000000 58.000000 11.000000 17.000000 10.000000 14.000000 ]
: 
Q: [ 0.858513 0.883171 0.854937 0.707232 0.734045 0.660060 ]
N: [ 10.000000 58.000000 11.000000 17.000000 10.000000 14.000000 ]
: 
Q: [ 0.825702 0.859954 0.830983 0.686857 0.732260 0.659762 ]
N: [ 10.000000 58.000000 11.000000 17.000000 10.000000 14.000000 ]
: 
Q: [ 0.801777 0.832777 0.811084 0.664321 0.676653 0.653271 ]
N: [ 10.000000 58.000000 11.000000 17.000000 10.000000 14.000000 ]
: 
Q: [ 0.740436 0.766151 0.740073 0.623016 0.632147 0.575669 ]
N: [ 10.000000 58.000000 11.000000 17.000000 10.000000 14.000000 ]
