: 
Q: [ 0.942491 0.951642 0.955351 0.856500 0.860962 0.821052 ]
N: [ 10.000000 47.000000 22.000000 17.000000 10.000000 14.000000 ]
: 
Q: [ 0.882347 0.881527 0.878742 0.826773 0.858875 0.819947 ]
N: [ 16.000000 52.000000 11.000000 17.000000 10.000000 14.000000 ]
: 
Q: [ 0.832033 0.832510 0.830633 0.794405 0.806128 0.783770 ]
N: [ 39.000000 29.000000 11.000000 17.000000 10.000000 14.000000 ]
: 
Q: [ 0.806607 0.811196 0.807691 0.749138 0.805064 0.719800 ]
N: [ 10.000000 48.000000 11.000000 17.000000 20.000000 14.000000 ]
: 
Q: [ 0.735158 0.723828 0.769195 0.696428 0.750646 0.720450 ]
N: [ 10.000000 13.000000 49.000000 17.000000 12.000000 19.000000 ]
: 
Q: [ 0.524094 0.483645 0.489290 0.601016 0.708072 0.674179 ]
N: [ 10.000000 13.000000 11.000000 17.000000 55.000000 14.000000 ]
: 
Q: [ 0.945555 0.952874 0.951211 0.859530 0.872174 0.820397 ]
N: [ 10.000000 58.000000 11.000000 17.000000 10.000000 14.000000 ]
: 
Q: [ 0.880729 0.880635 0.878186 0.829272 0.870716 0.819165 ]
N: [ 22.000000 46.000000 11.000000 17.000000 10.000000 14.000000 ]
: 
Q: [ 0.828508 0.829417 0.820298 0.792228 0.817058 0.786104 ]
N: [ 39.000000 29.000000 11.000000 17.000000 10.000000 14.000000 ]
: 
Q: [ 0.807182 0.807171 0.804184 0.753558 0.805077 0.722552 ]
N: [ 13.000000 41.000000 11.000000 17.000000 24.000000 14.000000 ]
: 
Q: [ 0.750349 0.735985 0.776143 0.703156 0.758867 0.721656 ]
N: [ 11.000000 13.000000 42.000000 17.000000 17.000000 20.000000 ]
: 
Q: [ 0.541468 0.484804 0.492933 0.605680 0.710037 0.669998 ]
N: [ 10.000000 13.000000 11.000000 17.000000 55.000000 14.000000 ]
: 
Q: [ 0.942848 0.953889 0.953991 0.852068 0.861460 0.824489 ]
N: [ 10.000000 58.000000 11.000000 17.000000 10.000000 14.000000 ]
: 
Q: [ 0.884939 0.884335 0.876166 0.823581 0.857348 0.822379 ]
N: [ 17.000000 51.000000 11.000000 17.000000 10.000000 14.000000 ]
: 
Q: [ 0.831859 0.831184 0.825196 0.787230 0.806041 0.794178 ]
N: [ 42.000000 26.000000 11.000000 17.000000 10.000000 14.000000 ]
: 
Q: [ 0.805157 0.808068 0.805020 0.746448 0.805329 0.724977 ]
N: [ 10.000000 48.000000 11.000000 17.000000 20.000000 14.000000 ]
: 
Q: [ 0.748556 0.735216 0.780214 0.699503 0.745900 0.709876 ]
N: [ 10.000000 13.000000 53.000000 17.000000 12.000000 15.000000 ]
: 
Q: [ 0.532599 0.482163 0.493033 0.599562 0.707719 0.674804 ]
N: [ 10.000000 13.000000 11.000000 17.000000 55.000000 14.000000 ]
: 
Q: [ 0.942251 0.954957 0.956170 0.859683 0.868720 0.817247 ]
N: [ 10.000000 38.000000 31.000000 17.000000 10.000000 14.000000 ]
: 
Q: [ 0.879908 0.880321 0.877099 0.823482 0.864678 0.815679 ]
N: [ 18.000000 50.000000 11.000000 17.000000 10.000000 14.000000 ]
: 
Q: [ 0.832910 0.833637 0.833740 0.794666 0.816947 0.782845 ]
N: [ 43.000000 25.000000 11.000000 17.000000 10.000000 14.000000 ]
: 
Q: [ 0.807786 0.808712 0.806452 0.750778 0.806111 0.721147 ]
N: [ 13.000000 44.000000 11.000000 17.000000 21.000000 14.000000 ]
: 
Q: [ 0.743315 0.731511 0.781625 0.702568 0.757483 0.720686 ]
N: [ 10.000000 13.000000 49.000000 17.000000 12.000000 19.000000 ]
: 
Q: [ 0.526161 0.479979 0.490012 0.603210 0.709225 0.668684 ]
N: [ 10.000000 13.000000 11.000000 17.000000 55.000000 14.000000 ]
: 
Q: [ -nan 0.000000 0.000000 0.000000 0.000000 0.000000 ]
N: [ 1.000000 0.000000 0.000000 0.000000 0.000000 0.000000 ]
: 
Q: [ -nan 0.000000 0.000000 0.000000 -nan 0.000000 ]
N: [ 1.000000 0.000000 0.000000 0.000000 1.000000 0.000000 ]
: 
Q: [ -nan -nan 0.000000 0.000000 -nan 0.000000 ]
N: [ 1.000000 1.000000 0.000000 0.000000 1.000000 0.000000 ]
