: 
Q: [ 0.908467 0.949059 0.915001 0.736251 0.737791 0.666620 ]
N: [ 10.000000 58.000000 11.000000 17.000000 10.000000 14.000000 ]
: 
Q: [ 0.906552 0.945435 0.915246 0.732036 0.737904 0.666651 ]
N: [ 10.000000 58.000000 11.000000 17.000000 10.000000 14.000000 ]
: 
Q: [ 0.883974 0.917665 0.886197 0.723600 0.737135 0.666354 ]
N: [ 10.000000 58.000000 11.000000 17.000000 10.000000 14.000000 ]
: 
Q: [ 0.865663 0.905491 0.875466 0.708798 0.734276 0.665980 ]
N: [ 10.000000 58.000000 11.000000 17.000000 10.000000 14.000000 ]
: 
Q: [ 0.840093 0.872498 0.858807 0.689692 0.706399 0.659298 ]
N: [ 10.000000 58.000000 11.000000 17.000000 10.000000 14.000000 ]
: 
Q: [ 0.766711 0.787677 0.763053 0.652463 0.684959 0.623328 ]
N: [ 10.000000 58.000000 11.000000 17.000000 10.000000 14.000000 ]
: 
Q: [ 0.908564 0.948254 0.914302 0.742331 0.741477 0.666005 ]
N: [ 10.000000 58.000000 11.000000 17.000000 10.000000 14.000000 ]
: 
Q: [ 0.907416 0.945328 0.914089 0.739045 0.740450 0.665693 ]
N: [ 10.000000 58.000000 11.000000 17.000000 10.000000 14.000000 ]
: 
Q: [ 0.885792 0.917631 0.884970 0.730385 0.739563 0.665857 ]
N: [ 10.000000 58.000000 11.000000 17.000000 10.000000 14.000000 ]
: 
Q: [ 0.867549 0.904358 0.874070 0.716103 0.737983 0.664199 ]
N: [ 10.000000 58.000000 11.000000 17.000000 10.000000 14.000000 ]
: 
Q: [ 0.845903 0.874648 0.861570 0.698168 0.713664 0.660173 ]
N: [ 10.000000 58.000000 11.000000 17.000000 10.000000 14.000000 ]
: 
Q: [ 0.774136 0.787266 0.760798 0.661416 0.686538 0.621333 ]
N: [ 10.000000 58.000000 11.000000 17.000000 10.000000 14.000000 ]
: 
Q: [ 0.908017 0.948182 0.914146 0.736596 0.737663 0.667775 ]
N: [ 10.000000 58.000000 11.000000 17.000000 10.000000 14.000000 ]
: 
Q: [ 0.906528 0.945641 0.914375 0.733206 0.736771 0.667896 ]
N: [ 10.000000 58.000000 11.000000 17.000000 10.000000 14.000000 ]
: 
Q: [ 0.884990 0.917296 0.885931 0.723421 0.736403 0.667476 ]
N: [ 10.000000 58.000000 11.000000 17.000000 10.000000 14.000000 ]
: 
Q: [ 0.865937 0.904677 0.874631 0.710331 0.735156 0.665759 ]
N: [ 10.000000 58.000000 11.000000 17.000000 10.000000 14.000000 ]
: 
Q: [ 0.845365 0.876535 0.863194 0.691750 0.708927 0.662160 ]
N: [ 10.000000 58.000000 11.000000 17.000000 10.000000 14.000000 ]
: 
Q: [ 0.771322 0.788341 0.764117 0.656420 0.684359 0.625095 ]
N: [ 10.000000 58.000000 11.000000 17.000000 10.000000 14.000000 ]
: 
Q: [ 0.907970 0.948546 0.915758 0.738528 0.739277 0.665635 ]
N: [ 10.000000 58.000000 11.000000 17.000000 10.000000 14.000000 ]
: 
Q: [ 0.906679 0.945930 0.916004 0.734972 0.738997 0.665251 ]
N: [ 10.000000 58.000000 11.000000 17.000000 10.000000 14.000000 ]
: 
Q: [ 0.884118 0.916756 0.886389 0.725780 0.738993 0.665395 ]
N: [ 10.000000 58.000000 11.000000 17.000000 10.000000 14.000000 ]
: 
Q: [ 0.867228 0.905613 0.874965 0.712541 0.736952 0.664683 ]
N: [ 10.000000 58.000000 11.000000 17.000000 10.000000 14.000000 ]
: 
Q: [ 0.842300 0.875812 0.864204 0.693407 0.710931 0.657716 ]
N: [ 10.000000 58.000000 11.000000 17.000000 10.000000 14.000000 ]
: 
Q: [ 0.768687 0.786719 0.761438 0.655991 0.685824 0.620572 ]
N: [ 10.000000 58.000000 11.000000 17.000000 10.000000 14.000000 ]
