: 
Q: [ 0.970875 0.976622 0.974444 0.931600 0.921600 0.892333 ]
N: [ 8.000000 45.000000 9.000000 15.000000 10.000000 9.000000 ]
: 
Q: [ 0.967091 0.937909 0.965500 0.888667 0.923700 0.892444 ]
N: [ 11.000000 11.000000 40.000000 15.000000 10.000000 9.000000 ]
: 
Q: [ 0.684000 0.589545 0.631333 0.777533 0.925364 0.894444 ]
N: [ 8.000000 11.000000 9.000000 15.000000 44.000000 9.000000 ]
: 
Q: [ 0.494125 0.457182 0.493333 0.671333 0.916295 0.894222 ]
N: [ 8.000000 11.000000 9.000000 15.000000 44.000000 9.000000 ]
: 
Q: [ 0.374375 0.334545 0.385000 0.557667 0.576923 0.824725 ]
N: [ 8.000000 11.000000 9.000000 15.000000 13.000000 40.000000 ]
: 
Q: [ 0.188875 0.165364 0.186778 0.381447 0.303333 0.366222 ]
N: [ 8.000000 11.000000 9.000000 47.000000 12.000000 9.000000 ]
: 
Q: [ 0.971000 0.969909 0.973091 0.932000 0.931500 0.886111 ]
N: [ 29.000000 11.000000 22.000000 15.000000 10.000000 9.000000 ]
: 
Q: [ 0.966054 0.945273 0.954000 0.885733 0.933100 0.884667 ]
N: [ 37.000000 11.000000 14.000000 15.000000 10.000000 9.000000 ]
: 
Q: [ 0.706875 0.607636 0.642444 0.778933 0.925545 0.882667 ]
N: [ 8.000000 11.000000 9.000000 15.000000 44.000000 9.000000 ]
: 
Q: [ 0.500875 0.466818 0.496222 0.666400 0.922977 0.883889 ]
N: [ 8.000000 11.000000 9.000000 15.000000 44.000000 9.000000 ]
: 
Q: [ 0.388250 0.348364 0.396000 0.560400 0.630538 0.834825 ]
N: [ 8.000000 11.000000 9.000000 15.000000 13.000000 40.000000 ]
: 
Q: [ 0.205250 0.176455 0.196667 0.389830 0.315333 0.379222 ]
N: [ 8.000000 11.000000 9.000000 47.000000 12.000000 9.000000 ]
: 
Q: [ 0.969091 0.971176 0.971441 0.924800 0.922200 0.890111 ]
N: [ 11.000000 17.000000 34.000000 15.000000 10.000000 9.000000 ]
: 
Q: [ 0.965031 0.947455 0.956053 0.878667 0.923400 0.886778 ]
N: [ 32.000000 11.000000 19.000000 15.000000 10.000000 9.000000 ]
: 
Q: [ 0.691625 0.589273 0.628556 0.771000 0.921705 0.888111 ]
N: [ 8.000000 11.000000 9.000000 15.000000 44.000000 9.000000 ]
: 
Q: [ 0.495500 0.464364 0.498444 0.667067 0.919432 0.889556 ]
N: [ 8.000000 11.000000 9.000000 15.000000 44.000000 9.000000 ]
: 
Q: [ 0.392375 0.352091 0.394667 0.558200 0.617769 0.830050 ]
N: [ 8.000000 11.000000 9.000000 15.000000 13.000000 40.000000 ]
: 
Q: [ 0.202250 0.175636 0.199444 0.385979 0.310250 0.366667 ]
N: [ 8.000000 11.000000 9.000000 47.000000 12.000000 9.000000 ]
: 
Q: [ 0.969875 0.972732 0.970692 0.928867 0.928800 0.886333 ]
N: [ 8.000000 41.000000 13.000000 15.000000 10.000000 9.000000 ]
: 
Q: [ 0.961333 0.934818 0.949067 0.884867 0.928900 0.889000 ]
N: [ 36.000000 11.000000 15.000000 15.000000 10.000000 9.000000 ]
: 
Q: [ 0.688500 0.590455 0.627556 0.775933 0.921886 0.887667 ]
N: [ 8.000000 11.000000 9.000000 15.000000 44.000000 9.000000 ]
: 
Q: [ 0.489875 0.453818 0.491444 0.663867 0.904364 0.886000 ]
N: [ 8.000000 11.000000 9.000000 15.000000 44.000000 9.000000 ]
: 
Q: [ 0.374125 0.339000 0.389667 0.557600 0.585846 0.820825 ]
N: [ 8.000000 11.000000 9.000000 15.000000 13.000000 40.000000 ]
: 
Q: [ 0.206500 0.175727 0.197222 0.380727 0.314750 0.374167 ]
N: [ 8.000000 11.000000 9.000000 44.000000 12.000000 12.000000 ]
