Algoritmo,Radius,nDevices,appPeriodsSeconds,batteryVoltage,batteryEnergyInit,PHYTotal,PHYSuccessful,PHYInterfered,PHYNoMoreReceivers,PHYUnderSensitivity,PHYLostBecauseTX,batteryEnergyFinal
1,3000,1000,600,3.3,10000,1000,950,50,0,0,0,9997.7
1,3000,2000,600,3.3,10000,2000,1822,178,0,0,0,9997.7
1,3000,3000,600,3.3,10000,3000,2633,364,3,0,0,9997.7
1,3000,4000,600,3.3,10000,4000,3303,688,9,0,0,9997.7
1,3000,5000,600,3.3,10000,




2,3000,6000,600,3.3,10000,
2,3000,2000,600,3.3,10000,1,3000,6000,600,3.3,10000,2,3000,4000,600,3.3,10000,2,3000,5000,600,3.3,10000,3,3000,1000,600,3.3,10000,
2,3000,1000,600,3.3,10000,
7,3000,2000,600,3.3,10000,
6,3000,3000,600,3.3,10000,