: 
Q: [ 0.969125 0.975111 0.973556 0.930200 0.912900 0.880222 ]
N: [ 8.000000 45.000000 9.000000 15.000000 10.000000 9.000000 ]
: 
Q: [ 0.969000 0.975111 0.973556 0.930200 0.912800 0.880000 ]
N: [ 8.000000 45.000000 9.000000 15.000000 10.000000 9.000000 ]
: 
Q: [ 0.969000 0.975111 0.973556 0.930200 0.912800 0.879778 ]
N: [ 8.000000 45.000000 9.000000 15.000000 10.000000 9.000000 ]
: 
Q: [ 0.969000 0.972667 0.953333 0.904467 0.912800 0.879778 ]
N: [ 8.000000 45.000000 9.000000 15.000000 10.000000 9.000000 ]
: 
Q: [ 0.882625 0.839455 0.926650 0.845067 0.914385 0.879778 ]
N: [ 8.000000 11.000000 40.000000 15.000000 13.000000 9.000000 ]
: 
Q: [ 0.516000 0.409182 0.455778 0.705067 0.914409 0.879889 ]
N: [ 8.000000 11.000000 9.000000 15.000000 44.000000 9.000000 ]
: 
Q: [ 0.969865 0.968545 0.968643 0.930067 0.924200 0.868556 ]
N: [ 37.000000 11.000000 14.000000 15.000000 10.000000 9.000000 ]
: 
Q: [ 0.969757 0.968545 0.968643 0.930067 0.924200 0.868556 ]
N: [ 37.000000 11.000000 14.000000 15.000000 10.000000 9.000000 ]
: 
Q: [ 0.969757 0.968545 0.968643 0.930067 0.924200 0.868556 ]
N: [ 37.000000 11.000000 14.000000 15.000000 10.000000 9.000000 ]
: 
Q: [ 0.966024 0.969167 0.948111 0.902000 0.924200 0.868556 ]
N: [ 41.000000 12.000000 9.000000 15.000000 10.000000 9.000000 ]
: 
Q: [ 0.904000 0.857091 0.931886 0.846267 0.924333 0.868556 ]
N: [ 8.000000 11.000000 35.000000 15.000000 18.000000 9.000000 ]
: 
Q: [ 0.551500 0.427727 0.471222 0.706067 0.914205 0.868556 ]
N: [ 8.000000 11.000000 9.000000 15.000000 44.000000 9.000000 ]
: 
Q: [ 0.967700 0.970250 0.969031 0.923600 0.911200 0.875556 ]
N: [ 10.000000 20.000000 32.000000 15.000000 10.000000 9.000000 ]
: 
Q: [ 0.967700 0.970250 0.969031 0.923600 0.911200 0.875333 ]
N: [ 10.000000 20.000000 32.000000 15.000000 10.000000 9.000000 ]
: 
Q: [ 0.967700 0.970250 0.969031 0.923600 0.911200 0.875333 ]
N: [ 10.000000 20.000000 32.000000 15.000000 10.000000 9.000000 ]
: 
Q: [ 0.968545 0.966688 0.960316 0.894533 0.911100 0.875333 ]
N: [ 11.000000 32.000000 19.000000 15.000000 10.000000 9.000000 ]
: 
Q: [ 0.898875 0.852455 0.927366 0.834067 0.911667 0.875333 ]
N: [ 8.000000 11.000000 41.000000 15.000000 12.000000 9.000000 ]
: 
Q: [ 0.536375 0.416000 0.468556 0.702667 0.910545 0.875333 ]
N: [ 8.000000 11.000000 9.000000 15.000000 44.000000 9.000000 ]
: 
Q: [ 0.968500 0.970341 0.969364 0.927067 0.918700 0.872556 ]
N: [ 10.000000 41.000000 11.000000 15.000000 10.000000 9.000000 ]
: 
Q: [ 0.968500 0.970341 0.969364 0.926933 0.918600 0.872556 ]
N: [ 10.000000 41.000000 11.000000 15.000000 10.000000 9.000000 ]
: 
Q: [ 0.968500 0.970341 0.969364 0.926933 0.918600 0.872556 ]
N: [ 10.000000 41.000000 11.000000 15.000000 10.000000 9.000000 ]
: 
Q: [ 0.969182 0.967400 0.950455 0.900067 0.918600 0.872556 ]
N: [ 11.000000 40.000000 11.000000 15.000000 10.000000 9.000000 ]
: 
Q: [ 0.886250 0.840000 0.925439 0.842733 0.918083 0.872556 ]
N: [ 8.000000 11.000000 41.000000 15.000000 12.000000 9.000000 ]
: 
Q: [ 0.529125 0.410909 0.465444 0.701667 0.910705 0.873000 ]
N: [ 8.000000 11.000000 9.000000 15.000000 44.000000 9.000000 ]
