964.406 1324.08 5
-498.66 -1239.35 5
66.5192 2417.14 5
882.286 -1020.13 5
618.524 -259.441 5
895.259 -1167.39 5
743.541 -1029.05 5
-1130.13 -1967.09 5
980.993 1708.22 5
659.082 -2601.55 5
-1935.47 -1769.1 5
-643.945 -1926.27 5
1241.56 1133.05 5
988.564 -1006.6 5
1686.77 -1571.44 5
163.796 137.555 5
2195.8 -78.07 5
1817.5 1200.76 5
1822.36 1936.79 5
-290.325 -2909.27 4
-2036.05 462.4 5
-1081.09 667.362 5
-1118.47 -1935.43 5
-202.872 1671.56 5
-1404.92 -1259.42 5
-216.867 -1774.87 5
1.8013 -2426.16 5
-265.661 -2287.2 5
-55.4979 2536.15 5
-2535.84 1263.11 5
79.0276 527.202 5
-1723.71 -137.78 5
-1120.84 -523.323 5
2757.99 -124.7 5
-2206.29 -13.6879 5
-1169.02 125.764 5
761.938 557.691 5
-502.116 1618.9 5
2364.36 46.0251 5
-1226.97 891.208 5
-434.306 625.918 5
-1538.9 673.11 5
1374.56 -1933.16 5
1493.86 1986.93 5
1324.33 -1322.5 5
-291.434 -2726.55 5
933.75 253.438 5
-1138.41 -368.534 5
791.603 -1374.37 5
2850.02 104.987 5
1417.11 -1833.59 5
1364.7 -1325.71 5
847.173 -2053.4 5
-2431.51 952.252 5
616.586 677.94 5
-1835.69 1612.38 5
-740.431 945.543 5
256.258 -2711.03 5
1921.41 -1772.16 5
-1039.77 1685.31 5
-402.515 -2459.28 5
-367.124 158.507 5
-283.891 -689.467 5
2361.55 1840.55 4
-1846.85 -323.033 5
-1684.7 -234.186 5
2137.9 -1187.29 5
1398.73 2286.67 5
1328.26 -2151.49 5
749.17 -634.187 5
2145.7 124.242 5
-1250.01 -136.081 5
-2423.84 199.075 5
2246.71 542.757 5
439.69 -239.169 5
-10.0392 -286.466 5
2029.59 -2196.16 4
1465.82 -2281.96 5
2519.18 -1338.65 5
-1626.93 -665.143 5
2996.12 -49.5336 4
1114.29 -839.783 5
1633.65 2465.31 4
-2809.29 -399.424 5
1307.33 2430.84 5
-1844.49 1699.03 5
-2031.59 1959.6 5
1530.98 2501.13 4
-942.96 1360.81 5
-2361.93 308.925 5
1054.28 651.11 5
-667.806 -464.649 5
2124.45 -1959.99 5
-453.956 -1420 5
-1389.43 2336.68 5
-774.604 -1332.68 5
-2149.92 -1232.72 5
2611.37 930.488 5
2184.96 -1103.29 5
-1002.47 -2329.35 5
-2573.42 236.573 5
-199.21 -926.162 5
-604.275 2930.93 4
-2088.34 -683.483 5
-2919.95 159.454 4
-1109.61 -216.003 5
-1662.3 -447.258 5
509.119 2183.81 5
-253.478 1068.87 5
-1374.82 -1286.62 5
1391.05 1611.01 5
16.0977 630.114 5
-2255.86 -1195.98 5
1745.64 714.006 5
-2807.42 -365.134 5
-1345.01 2381.9 5
1368.74 1245.5 5
-1544.87 675.268 5
-1301.87 -2248.35 5
-952.224 -177.867 5
-2540.63 564.442 5
2024.83 398.517 5
-135.763 -1427.21 5
-1047.94 2160.06 5
2622.1 -705.902 5
2233.07 -1640.8 5
-1946.95 -840.547 5
-1999.6 1227.21 5
-2563.84 931.96 5
-753.291 -1730.83 5
709.037 -1845.66 5
-2254.62 217.225 5
-809.677 1162.49 5
-1626.16 336.166 5
1365.29 1341.07 5
-975.674 -2822.85 4
1222.5 -668.408 5
1452.94 -1915.13 5
-1109.76 -2139.57 5
-882.417 1861.08 5
2099.92 1142.89 5
-2114.74 -1.91937 5
2624.25 -872.492 5
-881.484 -2471.52 5
-1209.88 1749.33 5
-1867.84 -213.804 5
1396.87 -2167.04 5
861.598 205.511 5
1984.6 -982.413 5
1793.15 1551.74 5
132.862 -805.173 5
2564.54 -1268.69 5
177.019 -167.659 5
243.552 -2300.83 5
-1288.81 254.907 5
-1854.15 2145.63 5
337.06 235.487 5
571.447 352.556 5
-2312.19 -1107.11 5
2001.83 627.119 5
1186.73 -1852.98 5
1657.67 457.855 5
241.477 2500.97 5
-2234.34 -1004.41 5
1474.89 -2380.23 5
-2426.25 117.504 5
-1222.57 2422.43 5
450.324 900.745 5
-1058.47 2583.36 5
973.866 1815.41 5
-115.7 -2465.81 5
-2579.52 -288.06 5
-364.926 499.392 5
556.374 -573.144 5
-999.056 -16.7323 5
442.707 -2098.47 5
-878.791 1145.06 5
1825.02 112.004 5
1630.77 2495.34 4
694.226 2879.08 4
902.331 -1742.5 5
247.232 1450.84 5
-1356.66 743.51 5
-638.11 -309.057 5
896.754 520.29 5
496.761 655.948 5
124.843 900.159 5
1135.62 45.8147 5
-2124.19 1158.68 5
58.442 204.695 5
-1372.03 -604.584 5
2033.68 -2178.04 4
-395.175 1009.93 5
2260.79 1652.6 5
2343.84 1626.83 5
1240.61 -493.113 5
677.496 1776.49 5
-75.4685 -1299.59 5
-2025.76 -1478.02 5
-1872.27 1391.37 5
2189.68 -3.86712 5
-365.297 1523.28 5
-2694.98 773.644 5
1444.32 755.981 5
166.428 714.772 5
520.899 2202.03 5
394.741 2137.56 5
-1353.57 -2001.55 5
-1521.75 -2420.42 5
-398.553 2368.59 5
-1685.03 2024.67 5
783.659 -878.797 5
541.896 -400.924 5
245.203 1247.58 5
873.08 -2176.25 5
-1818.79 -1690.17 5
-1304.09 1798.46 5
1453.54 -2609.67 4
-659.172 -1847.95 5
984.843 -175.915 5
-2168.05 -641.632 5
697.594 -1143.6 5
-1813.88 1229.32 5
-1987.93 -1422.53 5
-1735.85 -2390.55 4
2207.76 1149.03 5
-1630.41 1225.08 5
-2247.37 -1383.52 5
191.582 -2294.73 5
-1180.22 2279.17 5
-1307.44 1609.25 5
-1590.01 -1449.73 5
-1067.5 -2392.83 5
-2222.26 270.577 5
756.159 2557.67 5
-1354.66 -394.213 5
-302.251 1189.54 5
-692.922 1158.14 5
2296.51 142.504 5
1141.36 2212.75 5
1844.55 -1258.22 5
-2112.51 373.171 5
680.096 -515.684 5
2844.51 48.3042 5
-618.994 2821.77 5
-194.469 -1921.33 5
1375.8 1853.23 5
-39.297 632.083 5
31.0373 -658.377 5
-1326.53 -483.56 5
-1638.66 37.8988 5
219.458 686.928 5
496.721 -1856.08 5
182.766 -484.073 5
859.176 -2808.35 4
1520.4 -2108.43 5
1206.59 -2154.61 5
201.153 2566.77 5
924.72 2632.26 5
-182.977 2047.88 5
-1468.73 2159.54 5
-786.537 -753.157 5
1297.63 2346.38 5
1922.86 -2034.44 5
1084.67 -819.468 5
-1260.81 -2190.54 5
-1602.67 1694.94 5
1266.53 2596.24 5
-547.878 -2830.67 5
1942.77 -907.774 5
-1015.54 1426.24 5
-2429.36 173.002 5
2807.51 843.567 4
-1244.7 1420.45 5
2501.66 -54.4081 5
-1267.01 -120.585 5
-2349.67 -93.3218 5
-1943.71 -1757.46 5
1066.26 -738.04 5
-2110.77 1661.68 5
1694.47 -227.395 5
2316.32 -788.974 5
980.407 -521.355 5
-2478.89 -697.768 5
-686.623 -1072.76 5
1648.73 -1159.53 5
-1445.62 894.57 5
1061.64 -1798.17 5
2149.25 1425.11 5
-840.235 751.02 5
-164.602 1186.12 5
534.542 -1949.69 5
545.34 306.47 5
-884.274 -358.709 5
-408.083 -2728.68 5
-1552.44 2161.94 5
-20.6885 -949.636 5
2914.03 264.53 4
-556.203 1775.56 5
-1096.72 186.405 5
472.983 2131.75 5
-32.3544 1201.27 5
92.3459 -1413.26 5
2390.36 413.382 5
1452.37 254.48 5
1387.02 -2035.95 5
-1944.92 -1077.13 5
1176.39 579.217 5
396.133 -707.459 5
-1851 288.26 5
1257.4 -595.887 5
-550.848 1088.63 5
1307.78 -841.108 5
-999.027 2375.54 5
-31.9181 -1603.47 5
1510.99 -719.855 5
1634.09 -500.58 5
1247.53 -1969.87 5
-168.364 -194.839 5
-518.337 1642.57 5
-2896.13 -721.834 4
739.9 -1178.61 5
-1465.19 -1734.37 5
1933.82 957.847 5
-78.7468 874.374 5
-331.019 -2080.54 5
1699.3 888.32 5
1930.2 -1280.27 5
1208.84 -108.592 5
2313.08 -1656.5 5
1991.94 -1256.55 5
1095.36 898.52 5
18.3958 600.986 5
322.081 1895.35 5
-2375.36 -1230.88 5
-1922.91 -651.42 5
984.957 385.544 5
-2410.12 1763.57 4
1601.45 2132.6 5
-1637.59 -378.402 5
-2289.27 911.254 5
279.872 -109.908 5
216.394 -1679.62 5
1101.36 498.421 5
840.145 -1857.81 5
-1743.65 185.591 5
1386.37 338.013 5
32.932 -21.4655 5
1618.46 449.063 5
830.637 1623.74 5
269.955 -1213.55 5
1493.33 1232.08 5
-1186.39 51.2576 5
1613.93 -1267.54 5
933.365 157.181 5
1490.98 1752.19 5
1643.15 432.197 5
421.746 -936.03 5
613.432 -1555.55 5
-135.765 -2681.24 5
-1950.32 -852.19 5
-2163.02 2051.56 4
1839.56 428.925 5
-2306.83 1326.49 5
-455.467 -2133.05 5
691.251 -1274.86 5
1437.78 301.775 5
2552.31 -675.151 5
-500.693 -353.971 5
5.42562 -939.106 5
-749.308 2259 5
696.617 476.591 5
-842.092 2352.95 5
924.141 1272.52 5
2358.57 443.173 5
2522.1 -750.753 5
-116.69 2880.06 5
-2377.71 1463 5
-1896 187.219 5
-529.635 633.864 5
-835.002 2119.23 5
2238.42 -832.596 5
1990.64 311.964 5
-112.781 -2762.97 5
-98.4508 -203.561 5
1357.11 1247.96 5
103.602 759.28 5
880 -1530.87 5
2524.84 2.12033 5
-2582.24 -592.303 5
1224.52 -1469.07 5
-2977.54 180.799 4
-728.695 1937.66 5
2390.82 29.7872 5
-1438.67 -184.11 5
-1293.39 1922.74 5
1926.21 -1240.66 5
-1320.06 2607.25 4
39.0276 -157.097 5
-860.091 -501.649 5
-921.72 1805.81 5
-1362 2216.18 5
678.253 14.8933 5
-1541.67 -335.27 5
-709.348 -2405.48 5
-215.37 1120.62 5
-1170.09 2267.16 5
-1347.37 116.815 5
-2193.32 834.913 5
2005.57 1627.99 5
1562.77 -1344.79 5
193.307 -2267.23 5
1808.06 -899.559 5
2045.31 1346.78 5
-794.25 1850.92 5
2357.48 -897.926 5
-1780.15 1288.21 5
823.068 890.623 5
2888.13 768.034 4
-1976.12 1104.04 5
-1543.81 -1697.27 5
-79.1785 2311.33 5
-1539.91 1287.55 5
2698.49 -769.013 5
1350.98 -1386.2 5
2820.16 -266.064 5
1390.17 -710.03 5
388.202 2793.96 5
-175.091 1614.31 5
-442.99 -675.731 5
8.80785 -617.265 5
-1122.08 227.12 5
902.811 -2391.8 5
-677.146 -2689.93 5
40.0795 -613.804 5
1553.29 -1147.28 5
31.5961 1594.72 5
-580.71 -13.1763 5
372.918 2347.29 5
2173.97 1562.52 5
-748.644 1274.95 5
-1531.91 688.536 5
1181.04 1869.17 5
1103.54 1480.11 5
-1463.01 -1026.34 5
22.7118 135.618 5
-504.784 2286.97 5
1484.16 -61.3729 5
-2417.38 -367.815 5
893.741 226.638 5
1735.79 839.304 5
-1159.27 -740.925 5
-869.262 -2422.88 5
-1400.22 1824.5 5
1115.7 -1265.84 5
-2237.71 -1926.08 4
1126.75 1358.86 5
2340.42 -1249.34 5
2266.07 1738.58 5
-1973.59 -771.64 5
2151.04 -1363.9 5
1447.64 1985.49 5
356.484 2645.66 5
-318.005 -1882.41 5
-2518.78 481.492 5
-1494.42 410.866 5
40.8172 -853.486 5
-430.813 2318.32 5
-2447.7 -929.504 5
-80.7768 910.587 5
1662.6 -814.187 5
178.329 -325.118 5
-1443.45 -1596.62 5
1160.13 1629.5 5
1591.2 843.278 5
2121.81 2098.56 4
-759.294 2121.72 5
1360.96 182.411 5
-1740.43 1368.66 5
-449.775 -2534.53 5
-2435.1 -1127.29 5
-1709.22 36.7239 5
-661.459 -2684.56 5
-33.716 -2416.43 5
-1366.08 -772.208 5
-1351.92 1746.75 5
839.799 -395.415 5
1948.64 54.3201 5
-1346.85 -1047.84 5
2231.08 1413.94 5
-2095.21 -1489.02 5
-2849.45 243.27 5
1792.47 -868.64 5
-387.905 -2624.02 5
2480.42 -1203.72 5
1265.82 1030.2 5
663.061 -944.742 5
-2382.5 -1179.21 5
2618.41 -1424.05 4
147.02 1508.65 5
-2797.95 -898.522 4
338.485 -1614.67 5
-764.24 -2719.43 5
-2552.71 -284.105 5
817.248 2119.7 5
1035.11 -58.4489 5
742.945 -1858.95 5
1244.23 2501.47 5
-728.822 -2408.3 5
2335.7 1147.5 5
-1678.43 689.71 5
2025.45 -61.0778 5
-1851.39 552.702 5
706.251 -2524.44 5
-134.808 -2993.13 4
-944.906 -2733.52 5
-1258.04 -1266.35 5
866.943 -2789.71 4
-12.1379 567.819 5
-380.161 464.734 5
-571.528 -2203.41 5
-2766.79 405.974 5
-368.612 -2077.47 5
540.756 -997.738 5
-574.464 -2070.21 5
-1052.09 770.725 5
-1834.09 -955.683 5
521.329 1839.34 5
601.168 186.709 5
373.7 -2704.66 5
252.233 1278.1 5
2510.6 655.852 5
-103.205 2146.85 5
-265.203 391.108 5
1371.86 210.603 5
1337.32 -2498.85 5
47.1311 -1284.75 5
2389.76 1211.7 5
845.253 1990.98 5
-2212.69 -1805.85 5
-2314.49 1558.42 5
-886.997 2740.22 5
1716.39 1551.91 5
822.265 -2838.44 4
910.191 912.504 5
2354.42 1770.07 4
2140.55 -639.075 5
172.353 -1007.26 5
-1067.85 1129.7 5
-1485.77 2308.76 5
-1343.68 1818.44 5
-2040.06 -1798.73 5
-1676.63 506.096 5
1443.16 2131.07 5
1483.07 -114.541 5
-1159.63 2534.34 5
-2060.9 1274.83 5
-43.9589 2714.57 5
1183.06 1272.01 5
-171.586 1767.99 5
2382.74 1037.9 5
-944.31 126.908 5
-229.268 822.694 5
-2586.33 1259.41 5
2494.74 -991.409 5
2774.27 181.102 5
-1686.27 1953.88 5
-1130.33 -852.827 5
-512.049 359.754 5
2239.99 -471.665 5
2182.93 1844.95 5
-1403.39 -2578.02 4
-1381.74 70.4923 5
508.375 1981.15 5
-284.493 -893.348 5
2207.23 434.001 5
1528.18 -2525.42 4
-656.59 -2781.78 5
425.726 592.759 5
1350.5 -465.209 5
1219.55 2310.44 5
893.375 -1464.91 5
-319.115 -2741.61 5
-1687.28 1202.58 5
775.621 816.122 5
-941.8 2603.94 5
2509.79 -1215.29 5
2321.47 -1682.08 5
2118.23 23.6969 5
-1439.33 -1612.12 5
276.405 1281.88 5
-648.498 -1917.34 5
1598.35 1588.8 5
-1422.14 307.904 5
-2356.41 -825.403 5
-949.868 1771.53 5
779.965 710.312 5
156.806 2113.63 5
-1897.56 -1406.74 5
1102.93 2765.73 4
-2084.53 797.26 5
-860.842 2602.68 5
-2410.22 -1485.17 5
1055.4 1337.59 5
197.623 1167.64 5
-634.623 1032.1 5
-1866.6 -1199.34 5
544.75 1019.63 5
1123.19 2325.71 5
2596.45 396.198 5
884.759 -1212.04 5
-388.238 -778.197 5
-1205.78 2292.51 5
2902.53 -548.036 4
1522.38 -2553.52 4
415.278 -653.712 5
-405.315 1023.8 5
1535.09 -621.991 5
663.634 2384.58 5
-152.588 -2040.71 5
-1564.7 -979.918 5
1062.45 -1914.71 5
-1715.33 576.745 5
-1074.52 1906.54 5
-492.843 -2812.64 5
107.938 -1711.4 5
1784.68 2092.73 5
-1893.44 -2298.55 4
-314.243 175.487 5
990.218 -2593.94 5
-1505.44 1843.37 5
-2311.95 -1495.3 5
-120.707 710.413 5
2862.33 333.616 5
417.87 196.628 5
-485.181 -1073.2 5
-1686.4 1565.81 5
656.787 -2148.66 5
-689.762 -1240.42 5
-1592.53 1709.84 5
1492.8 -2529.84 4
-2039.23 278.807 5
987.01 1107.25 5
-1616.56 1664.65 5
262.989 -1858.99 5
1172.97 -1274.37 5
-2096.6 1975.49 5
391.146 -2850.48 5
-108.446 1594.84 5
176.751 1552.78 5
2740.85 -1136.6 4
526.899 -2573.5 5
1695.84 -1365.23 5
-108.397 -2363.53 5
1777.28 718.301 5
-662.22 496.679 5
954.688 2100.4 5
-2172.35 -1366.02 5
1108.64 1481.39 5
1133.88 -1506.13 5
-291.369 1447.9 5
1192.91 -1853.14 5
432.958 -1725.04 5
-2611.74 181.8 5
-1870.56 -235.233 5
1238.65 -513.405 5
1807.14 -2123.57 5
-1471.79 -1554.29 5
-421.425 -504.502 5
1358.46 2231.17 5
-635.674 -2038.01 5
445.658 291.426 5
362.09 1743.23 5
-336.773 -1646.03 5
506.099 2872.22 5
1431.45 72.6879 5
480.135 -2072.53 5
-1060.21 -2648.37 5
-593.986 2723.28 5
404.441 -259.152 5
-2216.27 1021.52 5
1883.28 -286.847 5
-1493.28 1273.05 5
220.681 424.516 5
-568.716 2249.27 5
-1692.12 -2204.49 5
2210 1254.17 5
800.466 2240.32 5
714.238 -2376.42 5
1197.55 -1105.92 5
-950.502 -1308.06 5
-1487.01 -952.313 5
-2032.36 2079.28 5
557.584 1803.31 5
-1039.1 1721.64 5
-379.268 -357.441 5
-412.957 904.388 5
-701.746 782.434 5
-1819.79 -1591.6 5
1709.4 -1181.84 5
-2071.14 844.421 5
-1059.72 -21.687 5
-1726.24 2376.98 4
-624.917 301.951 5
709.838 -2198.05 5
-388.779 -2301.58 5
279.125 437.581 5
1373.22 211.244 5
-1721.73 1687.25 5
-925.707 1667.44 5
509.141 -1579.55 5
-587.812 -1436.25 5
-830.012 -210.725 5
-1603.12 -2447.37 4
-135.908 -2996.62 4
291.596 -2293.67 5
2307 1267.28 5
-579.684 2001.27 5
-2049.76 582.847 5
2209.32 1356.99 5
1978.02 697.473 5
1847.83 551.426 5
-218.561 -2043.76 5
-702.131 269.245 5
1389.2 368.774 5
1465.3 -975.372 5
497.136 1759.47 5
-1025.88 1012.96 5
198.339 -2216.38 5
-656.076 -2057.78 5
-1733.16 -1358.11 5
-2696.02 -254.843 5
888.435 -906.052 5
-1895.89 1619.61 5
-45.0748 -255.97 5
2023.48 92.6567 5
-386.117 -837.145 5
-2877.25 85.9577 5
-790.547 2887.18 4
-1257.94 -484.989 5
-368.138 -2362.47 5
1166.54 -1652.26 5
713.388 2377.37 5
-1466.05 -881.508 5
2195.26 1315.31 5
-1748.94 438.565 5
-333.671 762.008 5
2163.77 1176.6 5
-882.754 132.171 5
-825.051 2595.32 5
1143.17 1081.34 5
-2056.75 -1078.44 5
1029.76 585.123 5
-2145.15 -1348.77 5
2233.96 501.556 5
697.778 1563.62 5
1694.36 -1557.07 5
-23.7684 41.6823 5
-2439.74 -44.9247 5
2497.46 739.904 5
-1026.84 1449.78 5
-1921.6 -642.201 5
-586.259 621.789 5
-406.321 1899.4 5
-1489.21 -2516.13 4
381.405 1258.46 5
-557.253 2913.78 4
-1417.83 572.56 5
-1079.46 -1030.13 5
-1748.22 2308.13 5
-6.99008 2218.01 5
-1306.53 553.914 5
-1737.23 -378.518 5
581.345 -1662.6 5
-91.9252 2703.06 5
1310.7 1013 5
-1449.42 -677.667 5
224.137 -588.687 5
-539.104 784.088 5
-784.293 -695.158 5
-2984.94 143.948 4
-245.079 2784.71 5
2378.9 113.374 5
-799.359 937.32 5
791.934 -2172.31 5
2105.36 -111.806 5
-663.801 -715.613 5
10.7987 -2378.29 5
1723.62 2138.89 5
-1373.65 645.691 5
924.499 428.063 5
-643.599 1352.35 5
1379.21 -1788.27 5
278.121 40.6188 5
586.878 -2313.39 5
1106.63 -320.954 5
-1619.02 -694.706 5
2638.24 -1040.04 5
537.796 2824.07 5
-464.298 -435.199 5
-959.973 2370.25 5
-840.839 193.681 5
-1642.2 1870.49 5
-1278.6 949.289 5
-2777.97 683.859 5
1420.37 2028.24 5
1706.99 -2282.3 5
1349.59 -2413.65 5
1775.25 -1581.43 5
-2309.58 1110.92 5
-430.097 -2826.16 5
-2368.65 -816.345 5
435.182 -725.579 5
2797.71 938.072 4
-2090.02 399.327 5
-1953.47 -2155.26 5
-1404.71 -2249.92 5
-163.1 2118.97 5
-915.146 -2640.97 5
799.916 2191.8 5
-704.271 2511.43 5
-91.9937 -1601.55 5
2081.34 -937.498 5
2689.56 1137.93 4
-1034.65 -2212.23 5
-654.332 -2007.75 5
-990.253 2096.93 5
1067.2 346.014 5
2091.97 333.402 5
-2442.03 557.009 5
449.801 -953.488 5
1175.03 -850.278 5
-2526.78 -411.916 5
1863.73 1785.62 5
-699.962 2128.44 5
-1929.3 665.303 5
-337.31 1792.51 5
2463.98 548.736 5
826.671 2641.29 5
294.915 839.556 5
276.074 1801 5
132.37 -295.84 5
-534.854 -252.113 5
2700.03 185.823 5
863.037 -40.5948 5
534.825 1441.25 5
2711.63 -1014.47 5
-2070.85 -1574.15 5
-1969.38 1753.55 5
2741.94 25.6431 5
-243.991 -1084.81 5
2653.67 -250.917 5
2057.38 1944.23 5
-2281.85 -1560.92 5
-2614.15 239.156 5
1373.84 1320.32 5
1886.17 -1802.53 5
-800.979 -538.861 5
2251.86 1733.18 5
-684.184 898.097 5
2317.14 -1838.22 4
918.232 1693.35 5
419.44 -1985.23 5
-674.366 -1021.28 5
119.259 920.361 5
1993.53 -196.146 5
-712.723 1230.01 5
389.853 -1663.2 5
-447.642 2420.55 5
-426.375 1247.17 5
-1744.22 965.643 5
-1810.65 1695.96 5
1575.49 -713.62 5
865.966 38.564 5
1003.68 1380.02 5
1840.95 2012.99 5
1431.75 2318.55 5
1018.09 -784.325 5
226.995 -1217.74 5
607.05 -591.663 5
-2414.26 -519.513 5
-1110.81 -2070.09 5
-316.313 -2456.5 5
928.099 2314.43 5
581.977 1629.69 5
444.064 1095 5
-1497.27 -2186.58 5
1140.86 -2026.01 5
-1387.79 -1184.9 5
873.4 2255.16 5
1566.43 694.064 5
-544.089 -564.717 5
-409.367 328.746 5
2490.29 423.604 5
-462.269 -1212.76 5
-515.536 271.424 5
1618.2 894.776 5
1923.39 -254.632 5
-1827.72 345.238 5
-364.195 -2501.72 5
227.397 -1220.87 5
-1401.84 1562.56 5
-1294.79 1787.48 5
-1181.63 -1577.52 5
1124.42 2135.13 5
-999.83 1735.2 5
-2358.64 -1705.38 5
-2693.43 988.715 5
579.579 -1685.82 5
1927.15 -873.901 5
16.8041 -2381.74 5
-2304.83 -706.149 5
1118.89 -1515.55 5
678.098 1646.61 5
-2442.12 -1673 4
2585.11 265.247 5
1018.53 -1590.67 5
-406.258 -868.849 5
-2727.48 627.744 5
-2714.56 -366.71 5
1720.6 -1296.12 5
-494.729 1936.02 5
-412.492 -1151.17 5
-2202.72 1890.47 5
-53.3687 -2684.05 5
-210.945 2635.94 5
-1747.57 968.703 5
2071.82 322.874 5
-96.9725 -2255.36 5
425.939 -420.201 5
594.028 1145.14 5
1472.11 115.262 5
1256.75 1020.11 5
-2259.32 909.298 5
2249.11 -1639.43 5
1084.39 -1904.96 5
-1789.1 -1461.85 5
-2116.67 967.629 5
-2469.05 710.596 5
1983.7 -1414.2 5
-368.515 -2693.15 5
1111.94 2620.25 5
-1095.25 -517.845 5
-1001.19 -932.911 5
-1132.05 264.109 5
2021.5 1897.08 5
-860.405 1977.33 5
1524.72 741.029 5
623.036 -1712.7 5
-1762.41 1600.09 5
-2216.81 -1455.34 5
-6.2862 1500.9 5
2611.78 831.76 5
-1502.97 -844.389 5
-1052.6 -364.156 5
-40.3488 1844.54 5
881.928 -107.662 5
-1648.15 2184.66 5
2061.83 -1694.66 5
-2063.43 1581.71 5
-183.151 -1515.76 5
-1782.18 -1491.2 5
-1117.83 -484.074 5
-514.474 2199.35 5
779.215 -1340.17 5
317.441 657.949 5
126.599 2030.37 5
583.928 547.525 5
-1441.17 654.978 5
831.213 -2778.39 5
-260.371 -2092.73 5
-2365.11 -651.77 5
-2023.1 -1872.25 5
1139.15 1069.52 5
1319.32 -217.038 5
-2952.29 -367.705 4
-1196.29 2138.43 5
1881.96 -208.442 5
857.83 1457.78 5
1654.42 1527.32 5
-1983.3 -1486.66 5
-2483.13 1584.03 4
-2037.42 765.885 5
-1553.39 -2449.22 5
285.836 -279.551 5
1166.76 -1118.21 5
642.499 1328.78 5
-2307.54 1081.13 5
750.757 2626.01 5
2209.13 -551.233 5
657.563 2209.5 5
1824.1 600.634 5
-2779.07 -967.75 4
1443.14 1895.23 5
363.314 -2912.51 4
1889.62 -1197.2 5
504.021 1672.17 5
-592.998 1694.48 5
1202.97 596.619 5
1713.29 -1237.96 5
2164.74 -89.0791 5
1111.13 245.391 5
857.987 -2443.4 5
-2816.65 -992.29 4
186.871 -246.965 5
173.071 -1231.17 5
480.781 -2796.62 5
-1413.58 193.475 5
-1908.07 1926.69 5
-2011.95 2034.78 5
-1714.07 -2317.75 5
720.473 -1316.95 5
1778.11 -2305.33 5
-216.107 2398.08 5
-1079.31 -209.703 5
1202.81 223.782 5
1179.66 2677.56 4
2370.08 1171.75 5
1242.25 -191.652 5
-1321.51 163.689 5
-39.6858 -1996.12 5
-2295.53 -192.024 5
205.811 -1587.5 5
-1308.54 -1254.3 5
-859.157 -2129.92 5
-453.519 2464.64 5
2605.38 283.962 5
439.752 -204.132 5
-11.7907 1597.52 5
-330.337 1855.61 5
-260.139 1220 5
-2385.69 -937.589 5
-1747.5 -937.001 5
2254.17 -755.413 5
-558.768 -120.753 5
-1565.74 2033.32 5
-693.352 -478.964 5
201.321 2036.93 5
1156.59 -567.475 5
-1981.86 1649.47 5
1522.93 2091.95 5
-2711.39 527.599 5
632.846 -1653.77 5
-1152.34 614.412 5
2455.95 -799.714 5
-2409.45 539.419 5
-956.588 -453.565 5
730.708 -2878.62 4
698.668 1442.4 5
301.017 131.342 5
-2473.45 -358.953 5
273.271 582.154 5
1427.49 1968.69 5
252.62 666.979 5
2501.59 182.009 5
1593.79 455.625 5
-2017.28 -385.488 5
-1479.81 -2049.6 5
1336.28 769.861 5
-1307.12 -1620.72 5
-1601.98 -2349.9 5
541.853 1975.52 5
-1473.68 -698.512 5
-226.743 387.757 5
-2207.95 90.281 5
-1666.66 434.458 5
-484.891 -87.3493 5
-2743.34 -1022.29 4
1568.21 2047.91 5
-808.291 -517.722 5
1020.55 2141.54 5
1910.51 1577.29 5
1497.03 -539.094 5
442.03 -352.337 5
-1490.22 -1706.92 5
-1804.52 -1548.41 5
299.805 -92.6912 5
-803.234 -774.677 5
-2071.79 1201.22 5
306.6 -2263.85 5
-2167.6 708.526 5
-2236.94 -844.246 5
233.98 1770.38 5
-95.0818 -1947.21 5
1644.07 34.7605 5
2743.73 -831.513 5
-1049.24 947.539 5
694.79 1858.69 5
1783.24 1747.98 5
-1214.09 -72.8021 5
-1600.78 1619.68 5
2002.89 -153.459 5
2916.27 190.972 4
-68.3336 -2044.65 5
-221.341 55.4363 5
-531.108 729.632 5
484.822 -254.465 5
850.234 637.021 5
-1725.53 1301.55 5
-765.108 -2015.68 5
-1013 -1555.28 5
783.159 2731.48 5
-1944.42 -158.756 5
-1154.98 338.878 5
-1261.98 1587.67 5
-1419.11 -968.356 5
-1761.12 1765.46 5
1714.18 -785.193 5
1203.2 -1334.18 5
-1003.24 -1748.67 5
-2425.29 1514.64 5
2731.95 -164.755 5
592.477 -277.517 5
5.40343 -666.688 5
-1764.61 -1806.85 5
740.977 2459.49 5
-438.006 -136.481 5
-2785.38 -148.178 5
-1978.62 -1231.33 5
-2528.95 -476.442 5
573.295 1822.17 5
-604.43 -984.284 5
110.371 1176.99 5
-1907.09 -1173.75 5
-2354.88 -1198.51 5
-2083.57 539.193 5
1177.48 -424.828 5
1628.84 -2284.19 5
-1294.94 -2549.02 5
-333.481 2739.99 5
1186.95 -2571.67 5
2315.14 1710.88 5
114.769 2549.64 5
-1469.8 -385.719 5
1333.56 2020.89 5
-1639.61 -1145.92 5
-2189.69 -720.98 5
-25.6739 -523.429 5
455.733 218.946 5
2200.13 -1642.03 5
677.352 1205.02 5
-2469 -549.949 5
-1000.08 -890.874 5
573.58 -2894.4 4
244.741 -1392.25 5
-230.414 -2016.62 5
-2994.16 -98.1532 4
1803.22 -568.788 5
-721.899 -64.6924 5
-2395.73 985.187 5
-1724.18 -2437.79 4
570.184 -686.445 5
2608.86 -809.813 5
3.04833 -2088.97 5
-974.917 1709.65 5
-1909.87 575.679 5
1822.99 -1329.91 5
-357.834 896.391 5
-397.976 -2259.19 5
-1234.11 2266.05 5
1090.56 854.164 5
320.189 -939.244 5
-773.2 -2188.09 5
-1180.18 -184.908 5
-164.96 -418.286 5
2058.56 615.736 5
1235.54 -2122.18 5
-1408.92 1759.14 5
-1030.68 -2516.29 5
572.383 -544.286 5
-1651.63 2458.04 4
-1173.57 -168.696 5
433.46 -2154.88 5
820.854 2832.12 4
-2288.09 -12.2572 5
1251.74 -719.381 5
-949.994 -1938.95 5
378.643 561.976 5
-498.437 2132.51 5
10.1322 -1836.66 5
-111.188 -1742.57 5
-345.342 442.729 5
-2314.95 1527.83 5
-1748.33 1149.12 5
1346.62 -2523.6 5
-2105.01 -1047 5
2411.11 925.374 5
28.5518 26.9729 5
2267.7 1677.02 5
-1882.16 -959.255 5
-66.2925 -1870.79 5
-1621.34 553.611 5
2950.94 327.084 4
-1421.6 249.834 5
412.031 -2535.98 5
-2711.24 514.076 5
2537.43 235 5
-398.273 1980.69 5
-783.87 -2441.13 5
-167.388 -343.089 5
-593.353 1682.56 5
1837.53 922.143 5
-2719.34 -513.365 5
379.623 -1303 5
1816.68 -34.7894 5
2039.27 1182.57 5
466.375 -2134.29 5
181.862 -1365.85 5
-1731.34 2057.11 5
2091.66 2033.37 5
-1472.56 -1407.54 5
-1186.14 1492.41 5
177.938 -913.408 5
-569.05 2437.65 5
2739.84 53.8072 5
-969.287 -1568.02 5
-244.744 -409.408 5
-207.724 2010.09 5
-332.355 2055.79 5
283.646 -2832.37 5
2397.47 733.065 5
2175.88 -1785.86 5
981.157 1741.65 5
-80.509 -877.346 5
-2416.04 476.651 5
-305.983 2698.1 5
1560.86 128.44 5
2450.65 18.1586 5
1579.94 -1508.94 5
995.096 2408.67 5
-1366.52 1694.88 5
-116.085 -799.042 5
-1134.07 -2305.38 5
-8.91332 -1557.46 5
2726.61 778.573 5
1194 -1383.97 5
556.38 2890.04 4
-1043.45 -2526.93 5
2074.66 -58.8983 5
-1.05706 2198.4 5
1042.72 2193.92 5
-6.96067 -862.98 5
-1123.07 -1999.3 5
-177.498 -822.673 5
-584.868 -2222.19 5
1402.01 -2025.78 5
-2654.48 1275.54 4
-433.405 -2944.7 4
1654.37 -1869.64 5
526.299 2774.68 5
780.127 -2051.56 5
-1685.72 -2124.52 5
1611.01 1973.83 5
2850.59 -326.486 5
-698.832 2884.79 4
-2155.17 1558.86 5
817.105 -317.146 5
2581.39 1424.28 4
283.249 544.926 5
451.801 1077.21 5
-648.411 2551.85 5
-2059.38 1969.66 5
1664.93 423.43 5
-245.56 -1456.26 5
2234.78 -982.689 5
1071.02 -244.228 5
733.984 2684.48 5
-1887.44 -1561.5 5
1144.33 -222.033 5
-206.381 -920.272 5
-1903.4 1030.21 5
-1761.96 2180.43 5
326.396 -2123.49 5
1033.01 790.432 5
-769.123 -2007.62 5
1569.71 -193.909 5
-1986.52 -2129.17 5
579.38 -186.928 5
-1294.9 377.397 5
-2889.6 -673.942 4
2575.48 -2.68384 5
-2783.1 -809.145 5
-1165.33 -149.845 5
-61.3706 -1234.29 5
-675.284 2694.29 5
-128.643 3.08613 5
2232.43 983.713 5
1150.48 -1766.58 5
1734.96 -1760.39 5
248.422 60.8611 5
-1059.63 -1308.44 5
2742.55 -428.302 5
797.988 -1012.08 5
-58.6575 -790.803 5
-2537.18 1488.02 4
1966.9 -2188.29 4
1523.31 1306.87 5
-908.212 2002.19 5
2073.54 -1132.76 5
2768.56 964.274 4
1423.12 64.2813 5
1505.39 1784.06 5
1694.32 2423.14 4
-1813.61 -342.283 5
-1728.59 -1254.81 5
-891.6 2645.73 5
-342.291 1636.17 5
2476.99 1394.2 5
-2885.44 604.185 4
-14.9813 123.657 5
-372.807 1855.75 5
-1555.28 1356.47 5
353.059 -343.175 5
-1931.13 -709.209 5
1580.05 2520.75 4
837.128 -2116.88 5
265.882 -1507.1 5
-1967.82 2009.11 5
1700.2 -1598.32 5
-1122.42 -1171.55 5
392.249 791.636 5
-1541.51 -501.128 5
274.191 -2716.06 5
745.968 1404.02 5
1497.32 -845.547 5
1120.99 1613 5
89.1477 -2056.18 5
-2269.47 -1387.08 5
-2147.2 -1549.84 5
-2231.38 -241.962 5
-1871.89 851.381 5
2129.84 1153.83 5
949.354 1429.7 5
571.404 -2606.91 5
-724.487 561.545 5
768.947 -1031.32 5
-1664.29 413.295 5
-1755.33 590.632 5
235.861 1170.75 5
-1787.15 -2406.77 4
-353.991 1589.41 5
-1730.99 -1847.5 5
1774.84 1165.77 5
-2133.71 736.109 5
1660.83 18.2607 5
1387.79 662.32 5
-1800.03 2110.63 5
-636.874 2184.66 5
1034.94 1085.25 5
-430.996 163.212 5
-205.868 -1443.1 5
-1520.89 -1301.77 5
-812.676 -2638.69 5
-1420.59 2410.04 5
818.29 2234.6 5
374.472 2883.61 5
-128.904 -1730.91 5
635.053 -1445.26 5
675.05 -1550.34 5
-2397.21 -1634.05 5
-550.831 -1881.84 5
2526.6 -1475.68 4
-1920.73 1988.32 5
574.588 -1669.91 5
-961.816 841.208 5
1129.88 -1844.41 5
2633.39 -845.209 5
-2025.79 546.782 5
-1550.87 1359.52 5
-907.069 1387.07 5
161.631 -1176.06 5
758.529 -2895.63 4
-1788.72 944.723 5
-324.97 -901.394 5
-1258.14 1813.92 5
9.19662 169.541 5
1617.92 -1431.17 5
4.14688 384.945 5
-118.219 2905.41 5
-2113.07 -1338.01 5
1129.81 646.061 5
1391.14 -370.853 5
-1627.82 -1084.19 5
-552.25 2110.36 5
1884.95 2027.49 5
2734.55 -1225.77 4
-989.6 1418.48 5
-622.976 2837.66 5
1448.04 -1974.71 5
722.797 -2347.02 5
-63.6939 567.338 5
-139.978 -1795.2 5
-212.199 -176.419 5
545.305 238.781 5
-905.699 -374.793 5
267.866 2136.87 5
-2876.37 569.872 4
-1376.24 -944.662 5
-974.297 -2644.87 5
1621.79 -1386.02 5
2271.21 1362.34 5
2680.31 -1131.75 5
2114.09 1522.03 5
1899.18 765.45 5
706.856 -2821.88 5
2012.37 936.969 5
-914.174 -2393.81 5
-829.383 -1183.57 5
-255.399 -413.98 5
-675.428 -37.7076 5
-615.512 -44.512 5
1871.79 2113.4 5
-1893 -963.987 5
1680.65 214.782 5
1624.96 950.253 5
-1465.6 -559.75 5
287.439 -2675.1 5
1253.64 275.966 5
1750.05 -2193.72 5
959.576 -1460.72 5
306.186 -2890.95 5
-1128.33 -2043.53 5
-2682.83 -365.308 5
1750.71 -1968.74 5
-1675.42 2412.22 4
-1412.31 -61.2214 5
1004.14 -98.7074 5
553.945 -909.276 5
-1281.22 -2095.85 5
-1924.8 2204.41 4
1918 -1225.47 5
-710.083 1841.1 5
-847.028 2454.96 5
-2481.24 1238.32 5
295.575 238.089 5
2028.44 2003.95 5
1357.16 2614.9 4
2695.91 1288.83 4
-2592.04 -1072.31 5
-355.261 500.413 5
1324.83 -454.824 5
469.139 111.065 5
1414.54 -781.581 5
-298.433 2326.17 5
-2602.42 -743.825 5
1876.71 -752.345 5
-2269.99 1046.73 5
336.898 -1783.8 5
-2176.66 433.3 5
1269.54 942.372 5
-2402.74 1683.19 4
1385.93 663.879 5
2210.66 -966.518 5
661.567 1196.07 5
227.453 -2660.7 5
-856.698 -1533.38 5
-412.027 -1595.32 5
2391.54 -310.168 5
-160.068 -2545.21 5
2017.86 1450.82 5
1130.2 854.146 5
963.254 1034.22 5
954.025 1417.23 5
360.716 -2667.53 5
-1186.92 1156.49 5
960.961 -2412.23 5
-1524.39 541.86 5
1735.08 -395.14 5
2218.24 -947.071 5
-94.5719 879.526 5
-2322.1 -659.378 5
68.9657 803.318 5
-488.293 -1209.63 5
1118.59 1141.85 5
-1921.17 -1534.91 5
-2003.13 -1222.2 5
1108.77 2457.41 5
-1681.91 -359.94 5
-1564.27 -1130.1 5
1067.71 605.935 5
515.931 -248.077 5
-1491.68 2462.24 5
-324.987 1176.59 5
399.889 112.605 5
-678.198 1036.68 5
700.314 -2063.26 5
1464.45 -953.817 5
-2263.91 1310.74 5
-302.427 109.219 5
-695.225 -380.654 5
1648.27 117.507 5
64.6313 895.699 5
-1835.17 -299.291 5
-1857.14 1462.48 5
-1097.82 -358.854 5
-2593.2 -436.098 5
-2091.85 -1102.14 5
-2355.79 1208.03 5
1188.84 -490.4 5
2460.79 -1328.97 5
-803.676 -22.51 5
2622.45 -1336.8 4
-1331.75 64.1979 5
-1728.19 1915.75 5
-85.8569 -1190.86 5
-2384.2 1202.86 5
-2185.16 -1248.62 5
583.764 -2632.42 5
-1505.39 -1467.7 5
1650.76 -430.193 5
-1221.02 1859.34 5
927.794 -2222.55 5
-2019.65 -1805.19 5
221.705 150.02 5
2294.76 778.981 5
2210.18 -107.239 5
1599.79 -967.547 5
1351.9 456.346 5
2922.12 152.009 4
2238.85 -192.499 5
-2365.98 -1430.55 5
1120.23 2527.02 5
-2048.71 1259.06 5
1888.84 788.061 5
2224.95 1591.65 5
532.229 2101.49 5
-2526.22 184.768 5
-176.748 2053.32 5
62.8264 -2488.87 5
-851.549 407.194 5
-721.655 -2302.16 5
-686.89 271.636 5
-1061.66 1266.72 5
-394.071 -320.515 5
178.415 664.491 5
1347.19 1314.31 5
99.0811 -1143.67 5
883.589 359.671 5
-936.008 2368.57 5
1812.67 -1901.73 5
-396.56 -1071.11 5
-101.039 26.6678 5
-1310.47 298.564 5
2629.49 150.477 5
204.326 -755.595 5
-557.734 150.33 5
-638.994 -544.049 5
-1313.94 -358.98 5
-2578.33 -1306.04 5
-1306.73 234.549 5
868.695 -592.77 5
-35.981 -2456.18 5
118.729 -503.909 5
-1797.62 2250.8 5
-2934.68 63.7752 4
-864.06 257.98 5
2129.5 -1024.71 5
-189.384 1286.35 5
-625.267 1178.38 5
1616 2186.47 5
-1251.67 -367.699 5
-702.305 -843.969 5
-1921.62 -2042.98 5
-62.7887 -1161.93 5
2003.37 -1009.21 5
2059.2 -1953.96 5
1731.26 443.759 5
-405.583 -2469.01 5
-980.457 1787.94 5
163.269 -2023.98 5
1886.57 -2169.84 5
178.549 1513.45 5
-2060.31 20.962 5
2603.43 -1287.29 5
-1900.86 -328.053 5
-1961.12 600.52 5
2665.91 1301.74 4
876.094 -2078.79 5
1627.8 -1527.3 5
-160.09 557.969 5
2077.09 755.484 5
-994.974 -628.717 5
2769.69 -173.278 5
369.418 -579.271 5
1268.02 -2682.9 4
98.476 892.288 5
547.227 2457.91 5
1896.36 -352.192 5
-466.047 2145.01 5
699.122 2594.6 5
-2857.65 390.92 5
-87.0962 -1636.05 5
506.047 -2528.38 5
-582.701 2685.24 5
280.945 1384.15 5
1820.44 1173.51 5
-2015.8 2040.21 5
2178.45 -1636.12 5
423.984 2522.67 5
1181.97 1441.71 5
1829.78 1884.8 5
-1208.59 418.003 5
-799.29 293.64 5
1565.53 379.811 5
-2387.13 -883.572 5
1536.95 -909.195 5
-1615.1 -679.373 5
2180.42 -1071.43 5
-1534.63 -52.5389 5
-259.335 -2851.88 5
-545.538 -731.781 5
-2675 1123.33 5
3.09094 741.88 5
-1385.78 574.234 5
-1939.4 -1161.79 5
-1510.04 2028.52 5
-13.4177 304.523 5
758.478 -1600.18 5
2565 392.563 5
-34.5861 -2582.98 5
2193.44 -770.376 5
407.406 1681.6 5
-461.724 176.683 5
1466.81 -1194.64 5
-563.859 -2288.82 5
2336.44 -754.273 5
800.384 1011.16 5
445.941 2720.37 5
145.682 -1405 5
-1265.42 -1494.1 5
379.468 -933.28 5
319.136 1980.25 5
491.65 -2832.43 5
1471.12 1025.41 5
2514.93 254.382 5
1938.14 -799.639 5
559.028 2281.43 5
-1978.24 -73.3066 5
1538.25 -252.186 5
110.316 2338.4 5
197.113 -1008.99 5
815.558 -1037.44 5
-1503.06 -954.022 5
-540.073 1460.98 5
2425.84 -959.81 5
15.3719 -616.832 5
36.2779 602.013 5
-1751.47 1799.64 5
-1109.83 714.553 5
-1890.69 1803.72 5
1624.28 737.805 5
-1486.13 -160.688 5
-2568.5 -431.503 5
-2900.93 -552.88 4
1546.84 -839.312 5
-73.5613 2775.2 5
-2729.36 -68.0422 5
558.132 -87.341 5
-357.401 -880.228 5
812.688 -2214.25 5
1413.15 -373.807 5
729.632 -1968.01 5
-1465.95 212.864 5
-1477.94 2495.02 5
2987.58 205.975 4
-1627.26 -1742.84 5
535.686 2377.04 5
2635.21 -671.621 5
-2691.64 9.24175 5
-2341.51 551.399 5
-2171.35 -1486.42 5
-1817.06 1978.63 5
-2711.8 -506.12 5
-1689.23 2116.49 5
1156.14 -684.424 5
2716.2 -1236.65 4
521.642 741.731 5
-1747.54 -330.987 5
2313.84 -1889.14 4
473.159 431.814 5
-911.816 -1094.78 5
-127.412 1272.27 5
-489.177 1574.99 5
-1766.53 -374.788 5
605.584 -2214.32 5
126.776 19.644 5
808.262 838.162 5
2175.08 -656.67 5
2289.02 1156.03 5
-1585.97 -1875.54 5
-2498.29 -1371.58 5
2487.79 -717.104 5
-1372.85 119.063 5
749.413 -701.789 5
2515.44 1298.75 5
891.708 -70.5069 5
-2836.86 -261.725 5
-1215.5 -2252.92 5
-1923.98 958.231 5
939.806 -343.862 5
2502.99 -564.876 5
-1373 -905.59 5
2367.63 -346.411 5
-2399.13 971.065 5
-459.967 -542.031 5
1796.15 -900.363 5
1439.26 1343.96 5
-167.748 1203.6 5
229.478 1865.19 5
71.7337 2454.5 5
1198.47 -2295.98 5
-1112.83 1343.93 5
-1578.1 -2068.22 5
-121.746 2023.11 5
-929.389 1583.21 5
-392.157 -2327.93 5
-1111.26 -1320.01 5
-2214.42 -1559.61 5
-1199.51 -1103.68 5
-2406.72 1778.49 4
-1037.67 1067.59 5
-1472.13 2024.23 5
-833.944 1987.04 5
-943.09 -622.346 5
-1232.46 1637.7 5
1692.3 1253.76 5
1503.91 -2358.91 5
-2050.7 -495.734 5
1512.7 -2277 5
1114.87 -617.297 5
-959.814 -1935.86 5
-2623.25 1238.15 5
712.81 2496.37 5
-1170.85 -618.212 5
-97.4225 -1557.35 5
-681.438 -1252.13 5
-107.394 -1272.26 5
555.991 2449.16 5
216.994 -1189.03 5
1865.64 -1480.44 5
-714.566 -2234.07 5
-1743.43 1398.86 5
608.258 -1599.92 5
-1108.8 1612.11 5
-1983.58 -758.071 5
1190.7 -800.542 5
908.332 771.577 5
-43.7526 -539.952 5
-1205.26 -701.742 5
981.99 -2430.12 5
655.56 1547.28 5
1951.38 2091.25 5
-1170.65 986.903 5
-2480.82 -1378.27 5
-2536.5 -45.4715 5
1754.03 -2330.14 5
-449.431 -2743.37 5
451.259 1649.54 5
2706.2 -133.553 5
-562.087 756.583 5
-2204.81 -1128.71 5
-897.075 -383.698 5
2092.17 229.133 5
-2514.65 -384.116 5
-1307.43 1653.26 5
1504.31 -1398.51 5
976.814 1935.46 5
-477.088 2262.74 5
-918.981 2564.74 5
-704.706 1065.51 5
841.11 71.9215 5
2749.86 435.442 5
-2104.86 -1061.74 5
1535.78 2337.98 5
-1944.81 1395.3 5
2266.78 -1719.94 5
-1630.67 809.898 5
909.628 2469.42 5
-2891.67 -528.643 4
1414.33 -1257.83 5
-537.055 -646.621 5
184.769 -619.738 5
2471.67 1397.07 5
-1153.71 -1421.5 5
-1408.6 2222.61 5
613.041 -1500.38 5
204.329 1237.57 5
2351.14 -1679.43 5
-2331.9 -907.012 5
283.734 2435.17 5
1769.75 127.923 5
-604.675 2056.75 5
-1225.73 -2211.54 5
2341.01 58.6636 5
-1316.39 -176.74 5
486.366 2170.96 5
335.423 1925.64 5
2202.84 -1024.47 5
-1014.54 552.779 5
25.7281 2499.2 5
-1484.82 935.79 5
-373.724 714.609 5
990.358 -2198.98 5
1525.88 528.397 5
2018.91 -1689.81 5
-429.846 -2851.64 5
1935.66 -945.79 5
-2512.48 -891.042 5
2352.08 1355.93 5
-47.2591 1645.31 5
-2108.9 -301.886 5
-1305.77 1620.78 5
1934.55 -1911.79 5
-296.542 1968.85 5
2738.23 -954.634 5
-379.752 -220.638 5
-362.801 579.312 5
-1402.83 161.277 5
-2318.09 -1627.41 5
626.044 -2175.13 5
-2167.87 -2024.4 4
334.829 622.029 5
-2326.17 1776.4 4
58.8043 -388.012 5
2235.94 -1860.89 5
1390.17 -907.711 5
2727.81 -1121.2 4
-2270.87 919.625 5
-291.765 -2010.51 5
-1180.81 2408.12 5
2575.84 -25.2882 5
-1666.85 -218.395 5
249.656 2430.57 5
-1916.84 1262.8 5
-1711.49 -295.072 5
-1854.98 1946.95 5
-2370.67 733.441 5
1468.79 -2609.87 4
-1550.48 1251.85 5
1125.26 1855.61 5
315.668 -1721.47 5
-1105.24 -2618.62 5
-754.757 2393.97 5
-923.734 1978.35 5
1072.77 2128.59 5
1894.19 2280.01 4
467.457 940.042 5
331.675 -1879.55 5
1058.82 2771.78 4
-1586.46 1749.28 5
-114.405 1939.18 5
-1114.43 -782.347 5
865.54 150.099 5
-1273.06 1914.88 5
-10.2824 1253.82 5
-1189.53 -1490.79 5
329.797 -2007.78 5
-2572.21 -976.143 5
-1918.31 961.942 5
1703.52 1257.45 5
271.86 2772.95 5
613.258 2841.67 5
-1611.94 -1160.75 5
-466.98 -607.502 5
1017.56 373.684 5
695.837 -308.615 5
944.872 -2428.32 5
647.507 2351.41 5
-708.619 2586.17 5
1849.49 2065.36 5
800.762 685.472 5
-427.211 -1314.02 5
1258.6 -119.876 5
2002.93 -892.955 5
-387.447 889.687 5
953.008 -1841.78 5
-622.747 -344.958 5
-1084.45 750.381 5
1614.35 -291.833 5
874.66 2386.91 5
-1256.6 -2632.8 5
1827.52 910.894 5
367.092 -908.234 5
-2618.6 -528.184 5
1498.69 -1339.27 5
-1322.66 -38.2243 5
2423.83 501.064 5
-84.2655 462.865 5
-2091.19 -169.271 5
950.36 1955.01 5
-1439.78 1449.64 5
-1004.38 -1561.07 5
-431.71 -87.0869 5
2145.27 -859.28 5
-450.815 301.465 5
423.729 -2968.24 4
-683.595 -24.0528 5
250.669 -1085.85 5
35.8225 1593.98 5
284.983 1744.38 5
-1613.09 2105.36 5
2632.61 37.9645 5
-1248.19 279.141 5
1993.52 2225.67 4
2385.4 1739.8 4
1142.63 1912.67 5
2701.13 649.233 5
-506.586 -2647.28 5
1608.34 35.1443 5
1704.29 1689.64 5
1000.02 759.198 5
-2266 -1378.46 5
2552.87 -755.44 5
-69.7833 -1210.7 5
2475.81 241.691 5
-193.196 1438.48 5
-2659.18 1067.19 5
-2582.79 731.171 5
2311.86 -73.5025 5
475.931 593.116 5
-1380.35 -266.683 5
-577.047 458.018 5
1045.26 -1350.66 5
-1168.35 2137.66 5
-336.929 1839.68 5
-179.392 -268.741 5
-306.643 513.752 5
177.148 1517.15 5
-48.7556 -6.41681 5
-1302.6 -1327.63 5
200.179 -888.716 5
272.528 -2725.33 5
-978.491 1141.29 5
2349.87 771.772 5
-875.94 1147.26 5
-213.207 -496.676 5
264.54 1980.59 5
1927.52 825.324 5
1553.32 2304.74 5
252.249 2196.89 5
852.682 -1035.18 5
91.7902 -922.425 5
-2179.51 -1715.61 5
364.505 2803.68 5
-1595.76 89.8586 5
78.0862 587.519 5
1242.46 2551.61 5
-867.703 -2262.85 5
812.865 613.576 5
-856.288 1889.4 5
-54.582 -2586.54 5
1508.75 -1101.9 5
-916.324 -1869.73 5
-2085.89 -1989.59 5
2126.27 1001.17 5
-1212.07 2631.64 5
1729.91 852.93 5
-931.779 458.293 5
-243.966 -2474.58 5
-58.6905 -2884.85 5
-1087.2 -2413.9 5
828.192 -468.558 5
-586.596 2393.91 5
2431.02 473.145 5
846.387 -1624.15 5
1620.97 712.094 5
-59.8241 351.832 5
-727.224 1452 5
-622.432 -785.174 5
650.336 1888.5 5
-89.9876 -746.781 5
-1822.12 -1913.05 5
-477.531 261.229 5
-1519.07 -2014.79 5
-2451.99 -21.7918 5
-647.791 -2.58597 5
-216.301 -434.428 5
1064.31 -1660.48 5
1260.74 -425.652 5
613.158 2610.43 5
-166.783 2744.7 5
-69.9344 264.478 5
-433.534 -2789.54 5
-799.22 1607.58 5
499.319 -2467.66 5
834.017 1729.42 5
2612.29 674.01 5
-1843.68 1633.98 5
741.458 1338.46 5
1056.6 92.0068 5
-698.755 -561.419 5
-1413.17 -901.742 5
-1129.67 2267.44 5
549.53 -908.308 5
-165.123 -1875.88 5
-560.904 -1742.03 5
-224.134 2128.67 5
1205.25 -2020.99 5
-2904.11 76.9107 5
-2366.59 1193.71 5
2047.93 2148.33 4
2208.2 -1637.87 5
-199.196 1122.64 5
-1039.24 -113.192 5
-2728.02 -1108.38 4
2612.68 348.531 5
574.11 -572.564 5
1480.71 2058.53 5
-163.603 2835.61 5
2308.97 -1715.04 5
-82.0931 -800.935 5
1508.16 -2158.21 5
-1610.99 974.529 5
-1580.03 -2274.84 5
924.442 912.888 5
1301.77 -1684.94 5
-1800.54 -1493.08 5
-1577.8 1368.03 5
1232.43 276.152 5
-21.6227 -894.76 5
2082.55 -537.389 5
-1635.69 -1959.15 5
-1230.59 1977.04 5
2176.19 -2035.95 4
-1721.72 -931.103 5
2756.88 -629.408 5
-1308.06 -1572.73 5
-685.953 2750.5 5
1383.52 558.514 5
1060.66 2532.64 5
576.144 2507.91 5
-1298.56 -2613.94 5
744.262 668.922 5
1053.09 2150.48 5
-108.052 2728.2 5
-288.049 2237.37 5
1250.94 2519.66 5
-54.9525 -758.925 5
1588.15 1441.74 5
1499.24 2139.12 5
-1053.27 -490.509 5
-1943.82 -2177.2 5
-2188.91 -242.496 5
-684.371 1851.66 5
734.045 383.259 5
-1117.03 2665.77 5
2550.6 691.32 5
-8.83253 -1704.73 5
204.849 450.751 5
-409.12 -1217.47 5
1543.03 2125 5
622.863 2537.57 5
-2627.21 -635.772 5
-2104.49 935.521 5
-2024 -1163.52 5
2306.51 -753.533 5
-2189.41 -1976.24 4
-1443.01 -1899.62 5
-132.397 -2339.46 5
586.454 1385.33 5
1236.48 -563.644 5
1308.8 -195.714 5
1749 -388.169 5
349.891 1682.46 5
999.408 -1863.95 5
1904.67 467.248 5
2082.47 -92.6425 5
-2787.85 -613.423 5
345.96 2108.14 5
731.705 -2197.4 5
1320.56 -2304.29 5
-2269.9 -1448.14 5
1319.99 2033.12 5
-2593.16 1055.26 5
983.529 202.452 5
194.646 2625.09 5
1646.94 1864.97 5
-515.795 1447.24 5
2151.87 -1109.95 5
335.389 -1609.08 5
-1970.7 1536.15 5
599.748 721.507 5
-936.463 2337.55 5
1139.72 -1807.76 5
860.8 2446.79 5
2036.09 -11.6884 5
1470.88 -254.756 5
283.18 -1101.63 5
-1747.28 1254.29 5
80.1462 2536.15 5
1822.96 2001.36 5
1543.7 194.212 5
-1051.88 1438.49 5
-1132.76 -930.318 5
-537.999 128.706 5
2503.87 -1633.86 4
-2333.21 -1203.83 5
-2005.34 -1957.75 5
-1088.15 1408.68 5
121.087 1952.06 5
2644.98 321.324 5
264.001 1711.88 5
2701.35 949.993 5
-541.706 -1038.62 5
-1067.68 2198.51 5
1078.15 2258.18 5
1043.44 2483.66 5
-2632.62 -882.637 5
-730.169 -2315.72 5
1862.35 -1564.26 5
976.001 -1006.85 5
629.848 1591.52 5
-1094.12 2667.2 5
1485.5 1743.74 5
-897.404 788.193 5
-1016.16 1518.11 5
-1009.9 -2596.09 5
-1260.91 2298.07 5
-1527.7 -976.214 5
1070.32 2153.35 5
545.896 2671.79 5
-1612.26 338.262 5
-779.87 1340.31 5
-641.55 155.053 5
1607.69 -352.822 5
-1445.54 -2053.87 5
1957.44 -987.934 5
-1786.72 -177.822 5
558.78 783.583 5
110.598 956.826 5
-984.409 2412.44 5
-896.139 1062.89 5
2510.54 -801.983 5
748.664 -1754.57 5
-531.793 255.1 5
-1029.22 -1434.37 5
-1221.91 1115.47 5
1922.9 -1658.64 5
-683.354 1041.98 5
-1840.13 -156.165 5
348.856 2805.15 5
2243.53 -945.647 5
1320.15 -936.674 5
438.184 -1458.02 5
-941.647 -1431.1 5
-2519.49 384.827 5
-314.613 -2980.87 4
2405.22 -1290.9 5
529.258 2479.51 5
289.169 -1548.64 5
-729.459 -258.68 5
375.417 -815.245 5
318.017 -73.6204 5
-65.8347 417.541 5
-2396.07 -873.355 5
-1382.59 181.49 5
1163.39 821.291 5
487.244 575.807 5
817.194 442.101 5
1768.96 651.105 5
-1790.03 -1380.84 5
2012.96 1024.4 5
1367.39 -1787.4 5
-941.341 -1674.95 5
-866.422 -1520.44 5
-686.214 2308.3 5
-1299.15 2511.79 5
724.753 -1082.67 5
62.867 1919.79 5
250.045 -798.399 5
2457.93 -174.907 5
-725.511 1488.52 5
2850.07 -667.388 4
-1156.26 -978.035 5
2760.89 689.156 5
-1540.61 -1706.56 5
169.904 1262.31 5
154.126 -461.808 5
732.464 2578.73 5
2113.35 1190.54 5
1487.68 -755.421 5
1410.54 1396.93 5
2066.04 2011.7 5
-2768.28 8.18623 5
-2309.51 1835.5 4
332.787 -2888.13 5
62.9101 -2068.58 5
-1274.09 -793.34 5
573.095 142.682 5
-973.138 2124.63 5
-292.959 2068.45 5
-1614.85 483.707 5
2285.77 -1611.73 5
196.013 -1940.99 5
2351.14 -1214.73 5
2453.09 -111.436 5
-2009.07 -923.064 5
2906.92 -696.139 4
-1936.14 -2224.84 4
-1423.77 1528.43 5
2512.92 -1241.58 5
59.9223 765.218 5
2407.69 256.786 5
1279.33 -2460.03 5
-829.514 -212.252 5
2150.11 -806.335 5
-876.964 -91.6006 5
-1525.3 -157.335 5
-1453.57 -2530.56 5
-2315.86 -636.151 5
581.712 1912.63 5
-2368.07 1009.68 5
1567.92 1110.23 5
1961.87 -1634.67 5
1475.29 -310.519 5
633.747 -715.926 5
-992.873 2816.91 4
1004.36 634.026 5
-1107.79 2230.05 5
987.245 1449.3 5
-1666.99 -1041.42 5
-752.24 1399.92 5
1789.16 1474.29 5
-1419.37 -1301.58 5
2777.84 -154.366 5
-595.111 -1803.75 5
1130.6 -2697.07 4
-2402.28 170.123 5
701.457 189.518 5
-1993.53 1660.99 5
846.561 -2268.67 5
-1408.06 1110.33 5
-2276.42 -1168.21 5
-1418.37 1280.23 5
-1429.32 2402.1 5
-2422.16 -384.268 5
709.516 1813.24 5
-1111.89 -1031.4 5
885.223 -2685.38 5
-1350.87 -1082.63 5
-30.8381 1734.11 5
-296.796 334.687 5
-1099.46 2366.95 5
-1838.05 1825.79 5
1484.88 -776.783 5
-2516.37 -1190.9 5
1473.55 2546.03 4
-843.243 383.986 5
677.097 -546.921 5
-2604.69 -684.442 5
-1366.81 -1519.98 5
-765.685 2476.31 5
1616.35 402.228 5
1280.89 -702.55 5
1151.85 -962.028 5
-269.851 -1473.41 5
-1663.62 765.796 5
1997.81 -434.851 5
686.066 700.342 5
1041.15 -1648.52 5
1560.8 -1261.72 5
-292.3 1296.05 5
-391.526 1238.95 5
2205.27 -80.3027 5
-1482.8 1717.62 5
-1260.4 -795.119 5
2153.27 201.701 5
828.956 -1046.89 5
-641.082 1963.73 5
275.5 -2249.93 5
10.639 -936.805 5
353.942 -4.52189 5
-2590.85 125.765 5
-465.452 -104.418 5
1784.82 -1120.46 5
-1548.43 1888.5 5
-1064.54 -2207.2 5
-1583.33 -517.436 5
-770.229 1673.34 5
-999.731 -215.103 5
-714.242 -2050.09 5
-741.89 253.594 5
-1837.8 262.92 5
49.1982 495.591 5
-863.453 -553.327 5
-1276.15 -1574.92 5
999.812 -1135.47 5
-1207.56 -2056.6 5
2652.63 -949.52 5
-1529.45 -75.8558 5
468.971 2891.61 4
-1062.57 2143.79 5
-41.0082 2473.39 5
-475.575 -885.687 5
-767.307 1311.95 5
1861.29 -283.291 5
243.705 -84.3476 5
-666.07 793.917 5
2081.03 -427.252 5
-1857.77 997.659 5
-450.148 69.2322 5
988.552 -1577.07 5
1451.4 976.961 5
1357.9 1081.95 5
1708.75 1977.48 5
1746.54 2146.36 5
-380.631 901.786 5
2461.35 739.233 5
1936.59 105.633 5
1041.35 -224.736 5
-1470.37 -495.222 5
-1595.75 642.584 5
-1537.15 -1931.26 5
1313.89 665.978 5
-1445.84 -1918.94 5
-179.483 -611.394 5
-1021.17 2024.19 5
-360.159 -351.589 5
-1494.65 -2453.25 5
-482.602 -1530.98 5
2603.48 -620.332 5
1289.03 -2188.12 5
-730.565 -2037.5 5
-1671.27 -1035.74 5
547.446 -2588.75 5
-1191.77 856.922 5
216.194 -1464.26 5
1154.81 -749.504 5
-1261.59 -124.763 5
1551.38 -2364.1 5
132.815 478.867 5
1128.63 72.3365 5
-434.479 -825.457 5
779.343 -2307.71 5
1228.14 2203.57 5
-1645.25 1825.15 5
1067.23 -2475.44 5
915.354 -238.456 5
153.276 -279.571 5
2194.17 252.191 5
2369.01 -1148.47 5
-1757.65 1304.17 5
-296.799 2450.62 5
-964.49 162.095 5
876.385 2292.31 5
177.776 -500.491 5
-2394.11 176.906 5
1047.96 -311.159 5
-242.913 2322.86 5
-231.984 2206.24 5
-2465.1 -1393.69 5
-886.276 -1410.2 5
-1125.09 2346.86 5
1160.73 2441.12 5
-1928.59 1462.03 5
1231.75 -2643.03 5
-1539.58 -597.373 5
942.668 -2227.02 5
-1637.77 2175.95 5
297.444 -635.09 5
-2013.62 320.123 5
-458.748 -2552 5
208.875 -2967.71 4
2536.88 -129.857 5
-2256.53 659.8 5
1961.39 1974.56 5
-592.629 499.584 5
1220.16 1445.78 5
20.9794 2437.85 5
921.46 -921.068 5
-1477.29 446.871 5
1798.05 -1199.09 5
1008.05 -867.583 5
-350.391 -2561.66 5
2357.67 732.381 5
1111.02 -1019.91 5
1685.99 -260.986 5
2216.74 -1105.35 5
-2411.24 117.171 5
1015.23 228.044 5
-2629.89 -606.361 5
1187.89 1774.72 5
28.964 1183.24 5
2061.62 -141.082 5
-920.026 -1361.51 5
1173.16 -2072.68 5
-1678.79 2214.09 5
611.044 -2461.58 5
-1381.75 -1195.07 5
-349.691 -2268.29 5
-441.883 1504.16 5
-2483.36 -1175.1 5
431.188 -2485.12 5
578.072 2478.73 5
576.455 1796.01 5
2020.96 -2140.07 4
-1821.17 -2296.69 4
2345.02 -824.097 5
-2429.17 -1196.77 5
744.687 -1264.13 5
-812.702 -2566.71 5
-1395.6 172.323 5
338.403 -1886.24 5
263.754 -812.299 5
2084.16 1787.09 5
-1278.06 587.191 5
-1124.81 -196.195 5
1583.62 -182.267 5
1778.11 -570.172 5
679.898 -449.79 5
2009.11 -502.799 5
1529.44 1787.55 5
-379.34 2474.07 5
590.811 -556.551 5
2156.16 1918.02 5
2453.84 1087.28 5
-436.19 362.171 5
-155.986 -2280.54 5
839.257 -1238.94 5
-423.14 -933.329 5
2922.87 -127.052 4
2708.7 855.259 5
1146.89 -267.791 5
-1129.61 -2445.92 5
-179.866 1239.82 5
-1094.17 679.515 5
-2030.85 1348.86 5
-2598.84 483.535 5
558.613 -1593.05 5
-46.2125 1957.2 5
1622.71 -677.499 5
1854.13 1918.9 5
97.6932 1989.01 5
-777.914 2507.78 5
1336.64 -173.163 5
290.338 -1061.51 5
-404.942 573.038 5
-1112.02 2275.11 5
748.001 -2568.46 5
1822.43 -1805.31 5
-1587.34 2250.93 5
1325.55 51.2335 5
-2145.29 1623.07 5
-1039.59 -1610.46 5
787.087 2729.76 5
-1080.19 -1134.69 5
-758.819 200.612 5
704.441 -919.309 5
-1351.51 2251.95 5
-273.207 2605.09 5
-2654.71 569.231 5
-2080.52 579.45 5
1310.32 -245.695 5
369.914 2783 5
-511.395 1429.6 5
-1439.49 2399.44 5
834.919 -1117.23 5
-1485.58 2415.57 5
83.51 -1757.06 5
1126.12 1238.63 5
1290.68 2576.08 5
658.984 952.486 5
1196.49 -1411.13 5
2136.81 780.488 5
821.358 -1285.86 5
-21.5152 -502.152 5
-2139.11 -558.158 5
-1355.65 -2529.09 5
-85.7804 3.91155 5
-2421.96 -1050.54 5
-97.9245 -434.613 5
1892.53 1017.63 5
2782.4 257.211 5
682.505 1903.74 5
1724.28 -118.194 5
-1103.29 -1424.1 5
1524.77 2328.03 5
351.045 -337.243 5
-329.183 1823.34 5
-1617.33 -1379.94 5
-333.718 507.187 5
-1590.32 -1976.38 5
-646.626 -825.048 5
2710.19 -153.276 5
-1016.2 2696.22 5
-2086.93 91.3003 5
-976.948 -2077.68 5
-1300.15 1094.75 5
210.529 192.096 5
238.279 2123.37 5
2795.77 471.837 5
-634.495 -1439.12 5
1684.04 -1660.38 5
1707.91 -1108.84 5
1691.52 -2300.45 5
-2208.84 1258.19 5
1334.03 1373.65 5
2456.34 -1587.26 4
-396.463 -116.287 5
98.4777 -387.785 5
-557.7 -1832.14 5
-440.316 1290.84 5
-1754.58 1510.2 5
-1348.55 158.247 5
120.409 -2931.02 4
-1996.23 1779.34 5
926.054 -2150.31 5
1964.51 850.919 5
1951.36 944.987 5
-2679.06 -628.385 5
1647.87 -1607.43 5
266.684 1705.2 5
98.0827 -580.428 5
-603.735 -920.91 5
-1486.51 -223.349 5
-1122.84 1862.8 5
779.612 303.224 5
1049.5 1200.48 5
558.101 1359.53 5
1263.14 786.838 5
-609.026 486.477 5
2059.14 -800.774 5
-2065.94 -1051.73 5
-2420.55 -1231.92 5
-574.737 -882.511 5
-2575.13 -1057.06 5
-1723.17 -955.422 5
1419.78 -246.622 5
961.774 2186.07 5
2879.3 96.6148 5
1545.36 1589.39 5
-1852.44 -2111.63 5
-1467.09 -80.632 5
1388.29 724.535 5
-1540.44 2518.06 4
895.269 1654.12 5
-2475.59 -614.276 5
-325.344 -485.551 5
-469.349 -2792.02 5
-1759.67 934.67 5
-2535.33 1356.54 5
1132.84 -1477.75 5
2180.11 584.603 5
-2095.17 -273.759 5
1715.72 776.468 5
694.431 2367.7 5
2892.42 -719.125 4
-302.844 -2397.61 5
699.393 -1349.85 5
-1462 854.975 5
-1278.35 155.378 5
-1698.76 -1917.6 5
961.411 -2537.31 5
-2062.25 -916.681 5
1811.74 646.599 5
-1231.01 970.182 5
-2640.58 -342.148 5
-1387.33 841.86 5
-451.26 -2543.08 5
312.792 293.625 5
-2137.35 407.787 5
-2899.34 -542.979 4
-618.226 -2426.31 5
-1670.8 1247.82 5
868.857 2679.76 5
-1385.98 1657.98 5
-884.373 2039.98 5
2903.27 -224.724 5
1328.48 -1717.98 5
-2270.01 -862.764 5
-1451.33 857.837 5
1084 -2115.01 5
1954.74 -96.0463 5
231.454 0.584242 5
973.009 -1029.72 5
836.172 2208.51 5
1986.6 2151.69 4
-1819.97 -164.137 5
-2513.08 -428.958 5
2177.99 969.186 5
-1316.58 -1621.97 5
-83.6673 2098.72 5
584.99 -377.475 5
-1753.22 -2050.78 5
2484.52 1634.95 4
315.307 2373.17 5
2246.63 -418.588 5
-1849.42 1575.33 5
-1091.69 1168.35 5
-1294.96 -825.15 5
299.069 839.692 5
-1485.79 -2558.73 4
-1495.87 -2558.4 4
-1217.38 -1500.75 5
-712.858 2542.84 5
-1840.2 214.542 5
-367.456 -328.03 5
1973.56 820.094 5
2420.65 626.528 5
111.333 -1088.79 5
-595.672 -4.3558 5
-1514.11 2441.92 5
-1134.44 323.006 5
873.58 -1224.86 5
-2760.76 693.604 5
469.35 -2016.69 5
227.559 669.461 5
2427.98 -1652.41 4
-814.884 -915.334 5
-1888.95 -496.06 5
2656.71 -954.801 5
-716.152 -574.536 5
752.719 2756.62 5
-1770 1294.76 5
-817.469 -40.6341 5
2134.19 -1432.4 5
-758.979 1578.47 5
-1099.99 2780.79 4
-530.843 -346.435 5
543.366 186.952 5
2523.69 401.629 5
-119.967 -825.788 5
2790.59 897.524 4
-1893.54 -2309.34 4
-1186.79 -571.263 5
-2211.78 979.764 5
503.569 1549.73 5
-1141.87 -344.559 5
-117.812 705.88 5
478.215 2017.3 5
-1734.61 -1030.93 5
-2837.07 -635.731 5
-1189.81 480.002 5
-1246.91 719.846 5
-2358.95 -1333.54 5
1068.44 -331.297 5
1828.76 -2198.68 5
-498.783 423.636 5
2391.17 1343.3 5
-1936.4 -1852.14 5
-2070.04 -100.673 5
982.111 105.503 5
888.247 -1681.36 5
-630.459 765.565 5
-1926.43 644.888 5
956.945 -1127.29 5
-1308.54 -1019.32 5
1230.72 1377.12 5
-1784.77 1299.54 5
57.4492 -317.221 5
978.532 -276.882 5
2233.55 -649.596 5
1288.5 438.948 5
175.149 2519.27 5
1508.88 -2192.11 5
-462.81 1769.31 5
1458.04 -2503.87 5
2209.19 -919.508 5
-2091.64 1341.91 5
1223.4 369.903 5
153.899 2330.15 5
543.45 -2933.07 4
-935.329 -2092.31 5
449.318 508.372 5
-457.726 -2508.59 5
2093.81 1576.27 5
1509.68 417.638 5
-1018.15 962.013 5
-1660.1 1111.06 5
-1016.59 -251.038 5
-1929.35 -930.252 5
868.778 1526.12 5
290.174 2928.69 4
-520.689 1213.31 5
-1549.23 -859.467 5
1594.88 1167.96 5
1423.13 -1552.55 5
-546.031 -760.77 5
-1855.44 1830.29 5
-778.927 -1992.01 5
-642.797 420.705 5
1307.84 -1946.64 5
-695.724 -2786.13 5
-1875.73 -1512.23 5
354.914 -931.864 5
-1626.19 1136.2 5
2773.62 553.265 5
-993.538 -1360.1 5
1156.49 1066.13 5
2095.22 -2065.01 4
-1452.77 -966.276 5
324.6 -2447.4 5
1875.32 -2117.13 5
1487.94 895.072 5
2102.92 -1104.15 5
-2277.95 -1133.71 5
883.472 2261.03 5
1931.97 -1355.14 5
2061.73 1773.44 5
-1093.8 -1154.44 5
-1654.57 -2365.11 5
1882.91 -2254.58 4
1061.66 -308.235 5
-1352.49 -1311.69 5
-1061.5 917.492 5
334.191 1141.47 5
2085.92 -1069.27 5
592.462 1396.7 5
2593.17 826.22 5
-1575.14 2104.52 5
2647.69 1136.1 5
1297.49 2407.52 5
-1645.57 1044.83 5
-2527.45 -320.258 5
-859.11 -2438.26 5
73.0277 -1802.94 5
1259.74 -2011.51 5
-1722.23 -2303.88 5
-66.7522 2190.81 5
450.418 -2482.88 5
574.006 -1725.44 5
-614.508 217.726 5
1452.08 -2546.92 4
951.765 608.611 5
2358.81 554.677 5
1355.6 -2492.77 5
-2373.56 -837.399 5
233.379 -1386.32 5
-583.149 -2242.47 5
-1692.51 1573.78 5
-2232.93 -905.195 5
-649.764 982.536 5
757.066 848.254 5
-2494.55 128.763 5
-2474.05 859.457 5
551.842 344.532 5
-386.067 2895.88 4
-1568.02 2150.21 5
-649.52 788.579 5
-612.418 -643.091 5
-510.877 2750.54 5
1878.86 -723.244 5
1977.02 -357.068 5
1401.93 624.466 5
-1335.51 -1760.16 5
-1218.24 156.585 5
-807.6 -927.728 5
743.525 750.664 5
-593.964 170.602 5
-272.546 2897.31 5
-847.147 2398.35 5
-500.81 1032.75 5
2537.3 1030.35 5
-1412.88 -700.996 5
2017.55 -1605.44 5
311.078 -2453 5
1841.13 -1331.9 5
1195.84 -38.7375 5
-36.176 -325.935 5
955.633 1038.94 5
-378.458 -2039.78 5
1028.27 2816.51 4
-1610.13 -134.133 5
-965.209 764.545 5
-2209.24 -1400.26 5
-1152.94 1630.07 5
891.543 -1166.97 5
662.856 -1251.67 5
396.037 -1059.7 5
-472.988 -1378.29 5
2332.09 855.97 5
1771.69 252.216 5
-774.536 -2058.25 5
-2064.41 104.747 5
164.526 2326.75 5
-2295.88 1128.54 5
-1395.16 602.978 5
-1370.47 1549.52 5
1624.16 360.557 5
-2544.55 -454.377 5
-973.099 -215.253 5
-2320.19 448.666 5
-725.714 -195.596 5
1277.57 1706.44 5
-1769.76 448.174 5
728.011 1709.97 5
-131.527 1880.6 5
-1020.53 1602.32 5
1939.29 2280.81 4
2617.57 179.905 5
521.227 -2064.85 5
1275.04 -1766.09 5
-386.292 -2233.95 5
1702.23 1919.07 5
2296.16 -36.2892 5
-1460.68 29.9309 5
13.0668 -896.583 5
-52.927 2941.01 4
-2096.19 -987.507 5
1978.48 297.186 5
1372.74 2383.93 5
-2136.58 -939.963 5
-1238.7 120.478 5
-2277.99 -1951.25 4
-534.858 -1368.56 5
-645.651 792.164 5
-2460.44 -29.987 5
-1818.67 -327.94 5
848.058 345.181 5
-1050.58 -420.995 5
-1796.44 -1874.79 5
1267.13 1950.94 5
-1142.21 -763.621 5
-984.791 77.262 5
-1582.49 320.378 5
918.399 -1122.68 5
-2696.27 936.009 5
1787.98 1358.84 5
-53.9959 2826.42 5
-1529.24 -1967.38 5
-2642.53 -336.389 5
-1784.7 -1000.25 5
-1450.67 1200.91 5
-1240.08 567.257 5
-417.104 -1217.09 5
-1042.95 -2473.13 5
-2350.88 102.494 5
-1322.12 1131.84 5
-1979.69 -1015.58 5
-2072.16 879.503 5
2104.44 1822.56 5
71.1711 94.1676 5
-436.943 773.851 5
2278.17 58.0605 5
1641.43 2402.72 5
1400.27 -1808.72 5
-1638.44 -1456.46 5
953.498 487.669 5
2796.96 594.938 5
493.136 1285.79 5
1138.83 -1103.64 5
933.761 -2291.3 5
-1667.49 -246.645 5
2849.4 -716.5 4
1502.66 -289.571 5
153.901 -2949.17 4
2492.12 746.574 5
-1489.83 792.727 5
2208.94 1518.96 5
-1039.52 607.578 5
290.937 -877.315 5
-135.094 -1956.65 5
-2759 -37.6782 5
-434.056 1037.97 5
17.5568 -1137.4 5
-313.302 -2375.11 5
-1079.39 -2087.11 5
-750.368 1212.63 5
-1344.9 349.21 5
-307.974 2622.02 5
-2847.25 -281.857 5
-655.902 1139.63 5
-538.316 -2697.66 5
-770.245 2617.05 5
338.936 965.068 5
1594.09 -2176.35 5
1810.37 -2227.05 5
-206.985 -64.7102 5
2829.09 297.611 5
-5.56694 1255.2 5
490.556 -1412.61 5
179.026 1307.97 5
576.4 1172.8 5
1722 -1104.12 5
-1435.97 -1660.56 5
1249.04 -1070.54 5
939.289 1517.92 5
-2198.88 -61.2635 5
-1268.39 -2640.59 4
-2.36959 -405.679 5
1950.76 -1015.63 5
-1795.41 773.655 5
967.337 1081.37 5
773.732 -1330.41 5
1478.46 2334.76 5
1058.79 2316.43 5
-404.49 -1280.25 5
382.272 -2124.66 5
1760.72 2138.53 5
-1023.27 -517.443 5
-2678.08 988.201 5
-1034.5 1328.72 5
1285.16 -113.07 5
55.6518 -1603.86 5
-576.848 -2058.97 5
1308.84 155.116 5
-153.497 -388.813 5
-536.46 -166.55 5
-1899.73 251.508 5
642.827 17.3408 5
1907.01 -2245.4 4
-2655.68 99.1728 5
-1055.1 2030.21 5
-637.583 366.644 5
1260.38 359.939 5
-2115.44 167.309 5
-313.408 -1455.93 5
1479.98 -2306.32 5
407.814 -2638.53 5
-1734.79 968.312 5
-2614.08 -1164.32 5
-650.056 -1579.56 5
35.5073 1855.21 5
2330.55 -1328.03 5
415.032 -1573.5 5
2328.91 464.365 5
2603.5 -1474.08 4
2904.49 344.317 4
771.108 849.902 5
-2220.82 -1303.48 5
90.4817 -380.833 5
1743.76 -1948.1 5
2681.67 1118.2 5
2046.19 1222.32 5
2617.4 -29.2405 5
-1166.11 -992.965 5
-2567.62 -945.339 5
2194.47 -1857.17 5
2198.74 -686.734 5
-706.312 -891.644 5
871.392 -2219.54 5
855.332 85.7835 5
-349.564 -2284.13 5
1602.88 52.8833 5
1262.5 -1922.53 5
1663.67 113.406 5
1773.49 2335.59 4
80.6887 1099.01 5
-173.936 645.787 5
-694.231 42.6409 5
-1263.4 1705.47 5
2314.7 -994.829 5
1769.88 1942.19 5
-974.58 882.827 5
-1904.57 -568.182 5
-716.326 1151.94 5
2385.62 1353 5
-2285.76 358.722 5
-1209.86 -683.899 5
-580.075 1088.19 5
-1808.83 152.337 5
-2583.08 -887.642 5
-333.288 701.055 5
-1039.85 695.76 5
-1916.76 -2039.56 5
1492.54 -1345.2 5
2358.63 -493.984 5
-770.001 -744.093 5
2197.22 -1572.56 5
1777.7 -1369.73 5
1867.94 713.933 5
-2301.86 -725.358 5
1397.77 -2003.22 5
-363.873 2453.73 5
-1256.04 1533.92 5
710.382 2620.61 5
-2794.28 560.84 5
-214.267 -2528.16 5
-2458.91 -399.225 5
-818.496 834.902 5
6.44465 -2327.14 5
1552.68 2323.14 5
-281.246 2738.72 5
768.517 -1714.53 5
-24.8915 1711.81 5
-2121.01 1522.19 5
208.874 2155.45 5
-2006.36 880.791 5
2531.83 748.724 5
-1068.02 -1381.2 5
248.016 -235.693 5
-688.528 2749.86 5
-1415.5 -1497.56 5
-981.571 -770.581 5
2645.3 -459.862 5
1334.57 1440.09 5
-903.249 2279.31 5
-522.956 1458.64 5
-2122.13 -1757.34 5
-864.848 -29.8953 5
1222.21 -2205.88 5
292.733 -1264.59 5
-1403.69 -1756.34 5
1975.79 -140.036 5
-469.777 -2353.68 5
1036.24 162.308 5
1267.56 -1239.96 5
-589.136 -1479.86 5
-1232.08 -719.865 5
-451.832 -2673.39 5
0 0 GW
