RunSeed,Seed,packetSize,N,d,P_0,sigma,Algoritmo,Radius,nDevices,appPeriodsSeconds,batteryVoltage,batteryEnergyInit,hours,TxPowerdBm,PHYTotal,PHYSuccessful,PHYInterfered,PHYNoMoreReceivers,PHYUnderSensitivity,PHYLostBecauseTX,batteryEnergyFinal
861648815,1,23,3.78,41,79,0,1,2000,1000,600,3.3,10000,6,3,17999,17358,608,33,0,0,35999,26568,955,57,8419,0,9998.93
861648815,1,23,3.78,41,79,0,1,3000,1000,600,3.3,10000,6,3,17999,17378,585,36,0,0,36000,20372,634,36,14958,0,9998.9
861648815,1,23,3.78,41,79,0,1,4000,1000,600,3.3,10000,6,3,17999,17376,578,45,0,0,36000,19702,593,45,15660,0,9998.76
861648815,1,23,3.78,41,79,0,1,5000,1000,600,3.3,10000,6,3,17999,17268,667,64,0,0,36000,19231,667,68,16034,0,9998.53
861648815,1,23,3.78,41,79,0,1,6000,1000,600,3.3,10000,6,3,17999,16791,1049,105,54,0,36000,18520,1067,109,16304,0,9998.27
861648815,1,23,3.78,41,79,0,1,8000,1000,600,3.3,10000,6,3,17999,14025,2116,413,1445,0,36000,15595,2149,419,17837,0,9996.76
861648815,1,23,3.78,41,79,0,2,2000,1000,600,3.3,10000,6,3,17999,17278,690,31,0,0,35999,26488,1037,55,8419,0,9998.94
861648815,1,23,3.78,41,79,0,2,3000,1000,600,3.3,10000,6,3,17999,17278,690,31,0,0,36000,19980,725,31,15264,0,9998.94
861648815,1,23,3.78,41,79,0,2,4000,1000,600,3.3,10000,6,3,17999,17278,690,31,0,0,36000,18951,692,31,16326,0,9998.94
861648815,1,23,3.78,41,79,0,2,5000,1000,600,3.3,10000,6,3,17999,17278,690,31,0,0,36000,18377,690,31,16902,0,9998.94
861648815,1,23,3.78,41,79,0,2,6000,1000,600,3.3,10000,6,3,17999,16172,628,31,1168,0,36000,16983,628,31,18358,0,9998.94
861648815,1,23,3.78,41,79,0,2,8000,1000,600,3.3,10000,6,3,17999,9317,356,19,8307,0,36000,9858,356,19,25767,0,9998.94
861648815,1,23,3.78,41,79,0,3,2000,1000,600,3.3,10000,6,3,17999,17290,693,16,0,0,35999,24838,918,20,10223,0,9999.26
861648815,1,23,3.78,41,79,0,3,3000,1000,600,3.3,10000,6,3,17999,17290,693,16,0,0,36000,19992,728,16,15264,0,9999.26
861648815,1,23,3.78,41,79,0,3,4000,1000,600,3.3,10000,6,3,17999,17290,693,16,0,0,36000,18963,695,16,16326,0,9999.26
861648815,1,23,3.78,41,79,0,3,5000,1000,600,3.3,10000,6,3,17999,17290,693,16,0,0,36000,18389,693,16,16902,0,9999.26
861648815,1,23,3.78,41,79,0,3,6000,1000,600,3.3,10000,6,3,17999,15336,581,14,2068,0,36000,16147,581,14,19258,0,9999.26
861648815,1,23,3.78,41,79,0,3,8000,1000,600,3.3,10000,6,3,17999,7437,246,6,10310,0,36000,7978,246,6,27770,0,9999.26
861648815,1,23,3.78,41,79,0,4,2000,1000,600,3.3,10000,6,3,17999,17409,560,30,0,0,35999,25816,817,48,9318,0,9998.99
861648815,1,23,3.78,41,79,0,4,3000,1000,600,3.3,10000,6,3,17999,17409,560,30,0,0,36000,20111,595,30,15264,0,9998.99
861648815,1,23,3.78,41,79,0,4,4000,1000,600,3.3,10000,6,3,17999,17409,560,30,0,0,36000,19082,562,30,16326,0,9998.99
861648815,1,23,3.78,41,79,0,4,5000,1000,600,3.3,10000,6,3,17999,17409,560,30,0,0,36000,18508,560,30,16902,0,9998.99
861648815,1,23,3.78,41,79,0,4,6000,1000,600,3.3,10000,6,3,17999,17152,547,30,270,0,36000,17963,547,30,17460,0,9998.99
861648815,1,23,3.78,41,79,0,4,8000,1000,600,3.3,10000,6,3,17999,8314,264,13,9408,0,36000,8855,264,13,26868,0,9998.99
861648815,1,23,3.78,41,79,0,5,2000,1000,600,3.3,10000,6,3,18000,16971,1022,7,0,0,36000,22778,1190,8,12024,0,9999.61
861648815,1,23,3.78,41,79,0,5,3000,1000,600,3.3,10000,6,3,18000,17206,786,8,0,0,36000,19907,821,8,15264,0,9999.56
861648815,1,23,3.78,41,79,0,5,4000,1000,600,3.3,10000,6,3,18000,17258,728,14,0,0,36000,18930,730,14,16326,0,9999.36
861648815,1,23,3.78,41,79,0,5,5000,1000,600,3.3,10000,6,3,18000,17078,892,30,0,0,36000,18176,892,30,16902,0,9999.06
861648815,1,23,3.78,41,79,0,5,6000,1000,600,3.3,10000,6,3,17999,16733,1206,60,0,0,36000,17544,1206,60,17190,0,9998.74
861648815,1,23,3.78,41,79,0,5,8000,1000,600,3.3,10000,6,3,17997,15528,2136,333,0,0,36000,16071,2136,333,17460,0,9997.06
861648815,1,23,3.78,41,79,0,6,2000,1000,600,3.3,10000,6,3,17996,12734,4574,688,0,0,35996,25418,9149,1429,0,0,9995.72
861648815,1,23,3.78,41,79,0,6,3000,1000,600,3.3,10000,6,3,17996,12735,4572,689,0,0,35997,24731,8483,1271,1512,0,9995.72
861648815,1,23,3.78,41,79,0,6,4000,1000,600,3.3,10000,6,3,17996,12685,4620,691,0,0,36000,17083,5113,719,13085,0,9995.7
861648815,1,23,3.78,41,79,0,6,5000,1000,600,3.3,10000,6,3,17996,12652,4637,707,0,0,36000,14859,4666,711,15764,0,9995.65
861648815,1,23,3.78,41,79,0,6,6000,1000,600,3.3,10000,6,3,17996,12611,4653,732,0,0,36000,14375,4675,736,16214,0,9995.57
861648815,1,23,3.78,41,79,0,6,8000,1000,600,3.3,10000,6,3,17996,11313,5711,972,0,0,36000,12882,5748,978,16392,0,9994.93
861648815,1,23,3.78,41,79,0,7,2000,1000,600,3.3,10000,6,3,17998,16508,1289,201,0,0,35998,33059,2511,428,0,0,9997.67
861648815,1,23,3.78,41,79,0,7,3000,1000,600,3.3,10000,6,3,17998,16501,1296,201,0,0,35999,21190,1699,210,12900,0,9997.67
861648815,1,23,3.78,41,79,0,7,4000,1000,600,3.3,10000,6,3,17998,16501,1296,201,0,0,36000,18175,1298,201,16326,0,9997.67
861648815,1,23,3.78,41,79,0,7,5000,1000,600,3.3,10000,6,3,17998,16501,1296,201,0,0,36000,17601,1296,201,16902,0,9997.67
861648815,1,23,3.78,41,79,0,7,6000,1000,600,3.3,10000,6,3,17998,16501,1296,201,0,0,36000,17313,1296,201,17190,0,9997.67
861648815,1,23,3.78,41,79,0,7,8000,1000,600,3.3,10000,6,3,17998,16501,1296,201,0,0,36000,17043,1296,201,17460,0,9997.67
861648815,1,23,3.78,41,79,0,8,2000,1000,600,3.3,10000,6,3,17997,15763,1933,301,0,0,35997,31592,3777,628,0,0,9997.16
861648815,1,23,3.78,41,79,0,8,3000,1000,600,3.3,10000,6,3,17997,15756,1940,301,0,0,35998,25714,2948,369,6967,0,9997.16
861648815,1,23,3.78,41,79,0,8,4000,1000,600,3.3,10000,6,3,17997,15756,1940,301,0,0,36000,18564,1961,301,15174,0,9997.16
861648815,1,23,3.78,41,79,0,8,5000,1000,600,3.3,10000,6,3,17997,15756,1940,301,0,0,36000,17271,1940,301,16488,0,9997.16
861648815,1,23,3.78,41,79,0,8,6000,1000,600,3.3,10000,6,3,17997,15756,1940,301,0,0,36000,16767,1940,301,16992,0,9997.16
861648815,1,23,3.78,41,79,0,8,8000,1000,600,3.3,10000,6,3,17997,15756,1940,301,0,0,36000,16299,1940,301,17460,0,9997.16
861648815,1,23,3.78,41,79,0,9,2000,1000,600,3.3,10000,6,3,17997,15763,1933,301,0,0,35997,31592,3777,628,0,0,9997.16
861648815,1,23,3.78,41,79,0,9,3000,1000,600,3.3,10000,6,3,17997,15741,1952,304,0,0,35998,25685,2973,374,6966,0,9997.16
861648815,1,23,3.78,41,79,0,9,4000,1000,600,3.3,10000,6,3,17997,15680,2010,307,0,0,36000,18592,2053,307,15048,0,9997.14
861648815,1,23,3.78,41,79,0,9,5000,1000,600,3.3,10000,6,3,17997,15529,2152,316,0,0,36000,17620,2152,320,15908,0,9997.06
861648815,1,23,3.78,41,79,0,9,6000,1000,600,3.3,10000,6,3,17997,15313,2338,346,0,0,36000,17080,2356,350,16214,0,9996.95
861648815,1,23,3.78,41,79,0,9,8000,1000,600,3.3,10000,6,3,17997,13766,3572,659,0,0,36000,15338,3605,665,16392,0,9995.9
2314927680,1,23,3.78,41,79,0,1,2000,1000,600,3.3,10000,6,3,18000,17426,543,31,0,0,36000,27111,747,57,8085,0,9998.93
2314927680,1,23,3.78,41,79,0,1,3000,1000,600,3.3,10000,6,3,18000,17450,519,31,0,0,36000,20582,519,31,14868,0,9998.9
2314927680,1,23,3.78,41,79,0,1,4000,1000,600,3.3,10000,6,3,18000,17482,478,40,0,0,36000,19678,478,40,15804,0,9998.78
2314927680,1,23,3.78,41,79,0,1,5000,1000,600,3.3,10000,6,3,18000,17316,615,69,0,0,36000,19128,620,70,16182,0,9998.56
2314927680,1,23,3.78,41,79,0,1,6000,1000,600,3.3,10000,6,3,18000,16771,1091,102,36,0,36000,18277,1097,102,16524,0,9998.3
2314927680,1,23,3.78,41,79,0,1,8000,1000,600,3.3,10000,6,3,17998,14377,1847,386,1388,0,36000,15625,1861,387,18127,0,9996.86
2314927680,1,23,3.78,41,79,0,2,2000,1000,600,3.3,10000,6,3,18000,17414,555,31,0,0,36000,27099,759,57,8085,0,9998.94
2314927680,1,23,3.78,41,79,0,2,3000,1000,600,3.3,10000,6,3,18000,17414,555,31,0,0,36000,20113,556,31,15300,0,9998.94
2314927680,1,23,3.78,41,79,0,2,4000,1000,600,3.3,10000,6,3,18000,17414,555,31,0,0,36000,19052,555,31,16362,0,9998.94
2314927680,1,23,3.78,41,79,0,2,5000,1000,600,3.3,10000,6,3,18000,17414,555,31,0,0,36000,18458,555,31,16956,0,9998.94
2314927680,1,23,3.78,41,79,0,2,6000,1000,600,3.3,10000,6,3,18000,16409,535,31,1025,0,36000,17147,535,31,18287,0,9998.94
2314927680,1,23,3.78,41,79,0,2,8000,1000,600,3.3,10000,6,3,18000,10191,274,19,7516,0,36000,10623,274,19,25084,0,9998.94
2314927680,1,23,3.78,41,79,0,3,2000,1000,600,3.3,10000,6,3,18000,17463,523,14,0,0,36000,25446,637,22,9895,0,9999.26
2314927680,1,23,3.78,41,79,0,3,3000,1000,600,3.3,10000,6,3,18000,17463,523,14,0,0,36000,20162,524,14,15300,0,9999.26
2314927680,1,23,3.78,41,79,0,3,4000,1000,600,3.3,10000,6,3,18000,17463,523,14,0,0,36000,19101,523,14,16362,0,9999.26
2314927680,1,23,3.78,41,79,0,3,5000,1000,600,3.3,10000,6,3,18000,17463,523,14,0,0,36000,18507,523,14,16956,0,9999.26
2314927680,1,23,3.78,41,79,0,3,6000,1000,600,3.3,10000,6,3,18000,15596,468,13,1923,0,36000,16334,468,13,19185,0,9999.26
2314927680,1,23,3.78,41,79,0,3,8000,1000,600,3.3,10000,6,3,18000,7901,162,6,9931,0,36000,8333,162,6,27499,0,9999.26
2314927680,1,23,3.78,41,79,0,4,2000,1000,600,3.3,10000,6,3,18000,17468,506,26,0,0,36000,26292,674,42,8992,0,9998.99
2314927680,1,23,3.78,41,79,0,4,3000,1000,600,3.3,10000,6,3,18000,17468,506,26,0,0,36000,20167,507,26,15300,0,9998.99
2314927680,1,23,3.78,41,79,0,4,4000,1000,600,3.3,10000,6,3,18000,17468,506,26,0,0,36000,19106,506,26,16362,0,9998.99
2314927680,1,23,3.78,41,79,0,4,5000,1000,600,3.3,10000,6,3,18000,17468,506,26,0,0,36000,18512,506,26,16956,0,9998.99
2314927680,1,23,3.78,41,79,0,4,6000,1000,600,3.3,10000,6,3,18000,17342,506,26,126,0,36000,18080,506,26,17388,0,9998.99
2314927680,1,23,3.78,41,79,0,4,8000,1000,600,3.3,10000,6,3,18000,8750,207,14,9029,0,36000,9182,207,14,26597,0,9998.99
2314927680,1,23,3.78,41,79,0,5,2000,1000,600,3.3,10000,6,3,18000,17235,764,1,0,0,36000,23437,862,1,11700,0,9999.61
2314927680,1,23,3.78,41,79,0,5,3000,1000,600,3.3,10000,6,3,18000,17380,614,6,0,0,36000,20079,615,6,15300,0,9999.56
2314927680,1,23,3.78,41,79,0,5,4000,1000,600,3.3,10000,6,3,18000,17425,567,8,0,0,36000,19063,567,8,16362,0,9999.38
2314927680,1,23,3.78,41,79,0,5,5000,1000,600,3.3,10000,6,3,18000,17239,733,28,0,0,36000,18283,733,28,16956,0,9999.08
2314927680,1,23,3.78,41,79,0,5,6000,1000,600,3.3,10000,6,3,18000,16870,1087,43,0,0,36000,17608,1087,43,17262,0,9998.77
2314927680,1,23,3.78,41,79,0,5,8000,1000,600,3.3,10000,6,3,17999,16003,1735,261,0,0,36000,16436,1735,261,17568,0,9997.18
2314927680,1,23,3.78,41,79,0,6,2000,1000,600,3.3,10000,6,3,17996,12837,4463,696,0,0,35996,25660,8931,1405,0,0,9995.72
2314927680,1,23,3.78,41,79,0,6,3000,1000,600,3.3,10000,6,3,17996,12837,4463,696,0,0,35996,25072,8351,1243,1330,0,9995.72
2314927680,1,23,3.78,41,79,0,6,4000,1000,600,3.3,10000,6,3,17996,12828,4462,706,0,0,35998,18110,5027,728,12133,0,9995.71
2314927680,1,23,3.78,41,79,0,6,5000,1000,600,3.3,10000,6,3,17996,12754,4505,737,0,0,36000,14926,4514,738,15822,0,9995.66
2314927680,1,23,3.78,41,79,0,6,6000,1000,600,3.3,10000,6,3,17996,12678,4551,767,0,0,36000,14236,4563,767,16434,0,9995.58
2314927680,1,23,3.78,41,79,0,6,8000,1000,600,3.3,10000,6,3,17996,11369,5640,987,0,0,36000,12616,5657,988,16739,0,9994.98
2314927680,1,23,3.78,41,79,0,7,2000,1000,600,3.3,10000,6,3,18000,16397,1417,186,0,0,36000,32777,2813,410,0,0,9997.67
2314927680,1,23,3.78,41,79,0,7,3000,1000,600,3.3,10000,6,3,18000,16394,1420,186,0,0,36000,21476,1787,204,12533,0,9997.67
2314927680,1,23,3.78,41,79,0,7,4000,1000,600,3.3,10000,6,3,18000,16394,1420,186,0,0,36000,18032,1420,186,16362,0,9997.67
2314927680,1,23,3.78,41,79,0,7,5000,1000,600,3.3,10000,6,3,18000,16394,1420,186,0,0,36000,17438,1420,186,16956,0,9997.67
2314927680,1,23,3.78,41,79,0,7,6000,1000,600,3.3,10000,6,3,18000,16394,1420,186,0,0,36000,17132,1420,186,17262,0,9997.67
2314927680,1,23,3.78,41,79,0,7,8000,1000,600,3.3,10000,6,3,18000,16394,1420,186,0,0,36000,16826,1420,186,17568,0,9997.67
2314927680,1,23,3.78,41,79,0,8,2000,1000,600,3.3,10000,6,3,17999,15906,1806,287,0,0,35999,31811,3580,608,0,0,9997.16
2314927680,1,23,3.78,41,79,0,8,3000,1000,600,3.3,10000,6,3,17999,15903,1809,287,0,0,36000,27106,2867,386,5641,0,9997.16
2314927680,1,23,3.78,41,79,0,8,4000,1000,600,3.3,10000,6,3,17999,15903,1809,287,0,0,36000,18640,1809,287,15264,0,9997.16
2314927680,1,23,3.78,41,79,0,8,5000,1000,600,3.3,10000,6,3,17999,15903,1809,287,0,0,36000,17470,1809,287,16434,0,9997.16
2314927680,1,23,3.78,41,79,0,8,6000,1000,600,3.3,10000,6,3,17999,15903,1809,287,0,0,36000,16786,1809,287,17118,0,9997.16
2314927680,1,23,3.78,41,79,0,8,8000,1000,600,3.3,10000,6,3,17999,15903,1809,287,0,0,36000,16336,1809,287,17568,0,9997.16
2314927680,1,23,3.78,41,79,0,9,2000,1000,600,3.3,10000,6,3,17999,15906,1806,287,0,0,35999,31811,3580,608,0,0,9997.16
2314927680,1,23,3.78,41,79,0,9,3000,1000,600,3.3,10000,6,3,17999,15903,1809,287,0,0,36000,27106,2867,386,5641,0,9997.16
2314927680,1,23,3.78,41,79,0,9,4000,1000,600,3.3,10000,6,3,17999,15855,1846,298,0,0,36000,18663,1847,298,15192,0,9997.15
2314927680,1,23,3.78,41,79,0,9,5000,1000,600,3.3,10000,6,3,17999,15778,1899,322,0,0,36000,17753,1904,323,16020,0,9997.08
2314927680,1,23,3.78,41,79,0,9,6000,1000,600,3.3,10000,6,3,17999,15463,2179,357,0,0,36000,17022,2187,357,16434,0,9996.96
2314927680,1,23,3.78,41,79,0,9,8000,1000,600,3.3,10000,6,3,17998,14249,3123,626,0,0,36000,15497,3137,627,16739,0,9995.99
518024951,1,23,3.78,41,79,0,1,2000,1000,600,3.3,10000,6,3,18000,17447,515,38,0,0,36000,26845,717,63,8375,0,9998.93
518024951,1,23,3.78,41,79,0,1,3000,1000,600,3.3,10000,6,3,18000,17456,505,39,0,0,36000,20389,524,39,15048,0,9998.9
518024951,1,23,3.78,41,79,0,1,4000,1000,600,3.3,10000,6,3,18000,17495,458,47,0,0,36000,19452,463,47,16038,0,9998.77
518024951,1,23,3.78,41,79,0,1,5000,1000,600,3.3,10000,6,3,18000,17343,581,76,0,0,36000,18914,594,76,16416,0,9998.55
518024951,1,23,3.78,41,79,0,1,6000,1000,600,3.3,10000,6,3,18000,16748,1059,103,90,0,36000,18052,1069,103,16776,0,9998.28
518024951,1,23,3.78,41,79,0,1,8000,1000,600,3.3,10000,6,3,18000,14378,2100,386,1136,0,36000,15654,2119,388,17839,0,9996.83
518024951,1,23,3.78,41,79,0,2,2000,1000,600,3.3,10000,6,3,18000,17454,508,38,0,0,36000,26852,710,63,8375,0,9998.94
518024951,1,23,3.78,41,79,0,2,3000,1000,600,3.3,10000,6,3,18000,17454,508,38,0,0,36000,20197,537,38,15228,0,9998.94
518024951,1,23,3.78,41,79,0,2,4000,1000,600,3.3,10000,6,3,18000,17454,508,38,0,0,36000,18840,508,38,16614,0,9998.94
518024951,1,23,3.78,41,79,0,2,5000,1000,600,3.3,10000,6,3,18000,17454,508,38,0,0,36000,18336,508,38,17118,0,9998.94
518024951,1,23,3.78,41,79,0,2,6000,1000,600,3.3,10000,6,3,18000,16184,466,38,1312,0,36000,16778,466,38,18718,0,9998.94
518024951,1,23,3.78,41,79,0,2,8000,1000,600,3.3,10000,6,3,18000,9707,254,21,8018,0,36000,10121,254,21,25604,0,9998.94
518024951,1,23,3.78,41,79,0,3,2000,1000,600,3.3,10000,6,3,18000,17473,516,11,0,0,36000,25191,608,15,10186,0,9999.26
518024951,1,23,3.78,41,79,0,3,3000,1000,600,3.3,10000,6,3,18000,17473,516,11,0,0,36000,20216,545,11,15228,0,9999.26
518024951,1,23,3.78,41,79,0,3,4000,1000,600,3.3,10000,6,3,18000,17473,516,11,0,0,36000,18859,516,11,16614,0,9999.26
518024951,1,23,3.78,41,79,0,3,5000,1000,600,3.3,10000,6,3,18000,17473,516,11,0,0,36000,18355,516,11,17118,0,9999.26
518024951,1,23,3.78,41,79,0,3,6000,1000,600,3.3,10000,6,3,18000,15373,404,11,2212,0,36000,15967,404,11,19618,0,9999.26
518024951,1,23,3.78,41,79,0,3,8000,1000,600,3.3,10000,6,3,18000,7570,116,1,10313,0,36000,7984,116,1,27899,0,9999.26
518024951,1,23,3.78,41,79,0,4,2000,1000,600,3.3,10000,6,3,18000,17505,463,32,0,0,36000,26066,608,49,9277,0,9998.99
518024951,1,23,3.78,41,79,0,4,3000,1000,600,3.3,10000,6,3,18000,17505,463,32,0,0,36000,20248,492,32,15228,0,9998.99
518024951,1,23,3.78,41,79,0,4,4000,1000,600,3.3,10000,6,3,18000,17505,463,32,0,0,36000,18891,463,32,16614,0,9998.99
518024951,1,23,3.78,41,79,0,4,5000,1000,600,3.3,10000,6,3,18000,17505,463,32,0,0,36000,18387,463,32,17118,0,9998.99
518024951,1,23,3.78,41,79,0,4,6000,1000,600,3.3,10000,6,3,18000,17115,439,32,414,0,36000,17709,439,32,17820,0,9998.99
518024951,1,23,3.78,41,79,0,4,8000,1000,600,3.3,10000,6,3,18000,8388,194,10,9408,0,36000,8802,194,10,26994,0,9998.99
518024951,1,23,3.78,41,79,0,5,2000,1000,600,3.3,10000,6,3,18000,17101,896,3,0,0,36000,23019,990,3,11988,0,9999.61
518024951,1,23,3.78,41,79,0,5,3000,1000,600,3.3,10000,6,3,18000,17362,635,3,0,0,36000,20105,664,3,15228,0,9999.56
518024951,1,23,3.78,41,79,0,5,4000,1000,600,3.3,10000,6,3,18000,17510,480,10,0,0,36000,18896,480,10,16614,0,9999.37
518024951,1,23,3.78,41,79,0,5,5000,1000,600,3.3,10000,6,3,18000,17412,563,25,0,0,36000,18294,563,25,17118,0,9999.07
518024951,1,23,3.78,41,79,0,5,6000,1000,600,3.3,10000,6,3,18000,16798,1153,49,0,0,36000,17392,1153,49,17406,0,9998.74
518024951,1,23,3.78,41,79,0,5,8000,1000,600,3.3,10000,6,3,17999,16083,1636,280,0,0,36000,16498,1636,280,17586,0,9997.11
518024951,1,23,3.78,41,79,0,6,2000,1000,600,3.3,10000,6,3,17998,12864,4466,668,0,0,35998,25794,8861,1343,0,0,9995.72
518024951,1,23,3.78,41,79,0,6,3000,1000,600,3.3,10000,6,3,17998,12865,4465,668,0,0,35998,25268,8334,1224,1172,0,9995.72
518024951,1,23,3.78,41,79,0,6,4000,1000,600,3.3,10000,6,3,17998,12849,4480,669,0,0,36000,17536,4889,675,12900,0,9995.7
518024951,1,23,3.78,41,79,0,6,5000,1000,600,3.3,10000,6,3,17998,12795,4516,687,0,0,36000,14476,4529,687,16308,0,9995.66
518024951,1,23,3.78,41,79,0,6,6000,1000,600,3.3,10000,6,3,17998,12742,4539,717,0,0,36000,14048,4549,717,16686,0,9995.59
518024951,1,23,3.78,41,79,0,6,8000,1000,600,3.3,10000,6,3,17998,11375,5701,922,0,0,36000,12652,5721,924,16703,0,9995.02
518024951,1,23,3.78,41,79,0,7,2000,1000,600,3.3,10000,6,3,17999,16793,1047,159,0,0,35999,33635,2056,308,0,0,9997.67
518024951,1,23,3.78,41,79,0,7,3000,1000,600,3.3,10000,6,3,17999,16793,1047,159,0,0,35999,22155,1283,166,12395,0,9997.67
518024951,1,23,3.78,41,79,0,7,4000,1000,600,3.3,10000,6,3,17999,16793,1047,159,0,0,36000,18180,1047,159,16614,0,9997.67
518024951,1,23,3.78,41,79,0,7,5000,1000,600,3.3,10000,6,3,17999,16793,1047,159,0,0,36000,17676,1047,159,17118,0,9997.67
518024951,1,23,3.78,41,79,0,7,6000,1000,600,3.3,10000,6,3,17999,16793,1047,159,0,0,36000,17388,1047,159,17406,0,9997.67
518024951,1,23,3.78,41,79,0,7,8000,1000,600,3.3,10000,6,3,17999,16793,1047,159,0,0,36000,17208,1047,159,17586,0,9997.67
518024951,1,23,3.78,41,79,0,8,2000,1000,600,3.3,10000,6,3,17999,16148,1606,245,0,0,35999,32306,3209,484,0,0,9997.16
518024951,1,23,3.78,41,79,0,8,3000,1000,600,3.3,10000,6,3,17999,16148,1606,245,0,0,35999,26598,2471,315,6615,0,9997.16
518024951,1,23,3.78,41,79,0,8,4000,1000,600,3.3,10000,6,3,17999,16148,1606,245,0,0,36000,18639,1636,245,15480,0,9997.16
518024951,1,23,3.78,41,79,0,8,5000,1000,600,3.3,10000,6,3,17999,16148,1606,245,0,0,36000,17355,1606,245,16794,0,9997.16
518024951,1,23,3.78,41,79,0,8,6000,1000,600,3.3,10000,6,3,17999,16148,1606,245,0,0,36000,16743,1606,245,17406,0,9997.16
518024951,1,23,3.78,41,79,0,8,8000,1000,600,3.3,10000,6,3,17999,16148,1606,245,0,0,36000,16563,1606,245,17586,0,9997.16
518024951,1,23,3.78,41,79,0,9,2000,1000,600,3.3,10000,6,3,17999,16148,1606,245,0,0,35999,32306,3209,484,0,0,9997.16
518024951,1,23,3.78,41,79,0,9,3000,1000,600,3.3,10000,6,3,17999,16148,1606,245,0,0,35999,26598,2471,316,6614,0,9997.16
518024951,1,23,3.78,41,79,0,9,4000,1000,600,3.3,10000,6,3,17999,16139,1614,246,0,0,36000,18756,1644,246,15354,0,9997.14
518024951,1,23,3.78,41,79,0,9,5000,1000,600,3.3,10000,6,3,17999,16012,1717,270,0,0,36000,17692,1730,270,16308,0,9997.07
518024951,1,23,3.78,41,79,0,9,6000,1000,600,3.3,10000,6,3,17999,15727,1976,296,0,0,36000,17032,1986,296,16686,0,9996.97
518024951,1,23,3.78,41,79,0,9,8000,1000,600,3.3,10000,6,3,17999,14210,3226,563,0,0,36000,15487,3245,565,16703,0,9995.98
716359404,1,23,3.78,41,79,0,1,2000,1000,600,3.3,10000,6,3,17998,17395,548,55,0,0,35998,26620,878,86,8414,0,9998.93
716359404,1,23,3.78,41,79,0,1,3000,1000,600,3.3,10000,6,3,17998,17452,486,60,0,0,36000,20010,504,60,15426,0,9998.9
716359404,1,23,3.78,41,79,0,1,4000,1000,600,3.3,10000,6,3,17998,17376,555,67,0,0,36000,19146,569,67,16218,0,9998.78
716359404,1,23,3.78,41,79,0,1,5000,1000,600,3.3,10000,6,3,17998,17102,799,97,0,0,36000,18652,799,97,16452,0,9998.56
716359404,1,23,3.78,41,79,0,1,6000,1000,600,3.3,10000,6,3,17998,16645,1217,118,18,0,36000,17839,1231,119,16811,0,9998.3
716359404,1,23,3.78,41,79,0,1,8000,1000,600,3.3,10000,6,3,17998,14205,2080,380,1333,0,36000,15355,2084,384,18177,0,9996.82
716359404,1,23,3.78,41,79,0,2,2000,1000,600,3.3,10000,6,3,17998,17363,582,53,0,0,35998,26571,929,84,8414,0,9998.94
716359404,1,23,3.78,41,79,0,2,3000,1000,600,3.3,10000,6,3,17998,17363,582,53,0,0,36000,19790,605,53,15552,0,9998.94
716359404,1,23,3.78,41,79,0,2,4000,1000,600,3.3,10000,6,3,17998,17363,582,53,0,0,36000,18661,582,53,16704,0,9998.94
716359404,1,23,3.78,41,79,0,2,5000,1000,600,3.3,10000,6,3,17998,17363,582,53,0,0,36000,18193,582,53,17172,0,9998.94
716359404,1,23,3.78,41,79,0,2,6000,1000,600,3.3,10000,6,3,17998,16221,520,51,1206,0,36000,16853,520,51,18576,0,9998.94
716359404,1,23,3.78,41,79,0,2,8000,1000,600,3.3,10000,6,3,17998,9568,318,38,8074,0,36000,9894,318,38,25750,0,9998.94
716359404,1,23,3.78,41,79,0,3,2000,1000,600,3.3,10000,6,3,18000,17391,582,27,0,0,36000,24998,748,36,10218,0,9999.26
716359404,1,23,3.78,41,79,0,3,3000,1000,600,3.3,10000,6,3,18000,17391,582,27,0,0,36000,19816,605,27,15552,0,9999.26
716359404,1,23,3.78,41,79,0,3,4000,1000,600,3.3,10000,6,3,18000,17391,582,27,0,0,36000,18687,582,27,16704,0,9999.26
716359404,1,23,3.78,41,79,0,3,5000,1000,600,3.3,10000,6,3,18000,17391,582,27,0,0,36000,18219,582,27,17172,0,9999.26
716359404,1,23,3.78,41,79,0,3,6000,1000,600,3.3,10000,6,3,18000,15410,460,24,2106,0,36000,16040,460,24,19476,0,9999.26
716359404,1,23,3.78,41,79,0,3,8000,1000,600,3.3,10000,6,3,18000,7502,145,9,10344,0,36000,7826,145,9,28020,0,9999.26
716359404,1,23,3.78,41,79,0,4,2000,1000,600,3.3,10000,6,3,17998,17406,537,55,0,0,35998,25821,784,80,9313,0,9998.99
716359404,1,23,3.78,41,79,0,4,3000,1000,600,3.3,10000,6,3,17998,17406,537,55,0,0,36000,19833,560,55,15552,0,9998.99
716359404,1,23,3.78,41,79,0,4,4000,1000,600,3.3,10000,6,3,17998,17406,537,55,0,0,36000,18704,537,55,16704,0,9998.99
716359404,1,23,3.78,41,79,0,4,5000,1000,600,3.3,10000,6,3,17998,17406,537,55,0,0,36000,18236,537,55,17172,0,9998.99
716359404,1,23,3.78,41,79,0,4,6000,1000,600,3.3,10000,6,3,17998,17107,533,54,304,0,36000,17739,533,54,17674,0,9998.99
716359404,1,23,3.78,41,79,0,4,8000,1000,600,3.3,10000,6,3,17998,8295,231,35,9437,0,36000,8621,231,35,27113,0,9998.99
716359404,1,23,3.78,41,79,0,5,2000,1000,600,3.3,10000,6,3,18000,16942,1051,7,0,0,36000,22758,1211,7,12024,0,9999.61
716359404,1,23,3.78,41,79,0,5,3000,1000,600,3.3,10000,6,3,18000,17209,782,9,0,0,36000,19634,805,9,15552,0,9999.56
716359404,1,23,3.78,41,79,0,5,4000,1000,600,3.3,10000,6,3,18000,17134,852,14,0,0,36000,18430,852,14,16704,0,9999.37
716359404,1,23,3.78,41,79,0,5,5000,1000,600,3.3,10000,6,3,17999,17159,802,38,0,0,36000,17988,802,38,17172,0,9999.08
716359404,1,23,3.78,41,79,0,5,6000,1000,600,3.3,10000,6,3,17999,16558,1363,78,0,0,36000,17189,1363,78,17370,0,9998.75
716359404,1,23,3.78,41,79,0,5,8000,1000,600,3.3,10000,6,3,17998,15532,2086,380,0,0,36000,15858,2086,380,17676,0,9997.1
716359404,1,23,3.78,41,79,0,6,2000,1000,600,3.3,10000,6,3,17998,12429,4796,773,0,0,35998,24879,9614,1505,0,0,9995.72
716359404,1,23,3.78,41,79,0,6,3000,1000,600,3.3,10000,6,3,17998,12429,4796,773,0,0,35999,24362,9112,1366,1159,0,9995.72
716359404,1,23,3.78,41,79,0,6,4000,1000,600,3.3,10000,6,3,17998,12422,4800,776,0,0,36000,16666,5291,788,13255,0,9995.71
716359404,1,23,3.78,41,79,0,6,5000,1000,600,3.3,10000,6,3,17998,12390,4825,783,0,0,36000,14003,4834,783,16380,0,9995.67
716359404,1,23,3.78,41,79,0,6,6000,1000,600,3.3,10000,6,3,17998,12372,4836,790,0,0,36000,13566,4850,791,16793,0,9995.61
716359404,1,23,3.78,41,79,0,6,8000,1000,600,3.3,10000,6,3,17998,11289,5764,945,0,0,36000,12439,5768,949,16844,0,9995.05
716359404,1,23,3.78,41,79,0,7,2000,1000,600,3.3,10000,6,3,17998,16522,1209,267,0,0,35998,33063,2418,517,0,0,9997.67
716359404,1,23,3.78,41,79,0,7,3000,1000,600,3.3,10000,6,3,17998,16522,1209,267,0,0,35999,21078,1630,297,12994,0,9997.67
716359404,1,23,3.78,41,79,0,7,4000,1000,600,3.3,10000,6,3,17998,16522,1209,267,0,0,36000,17820,1209,267,16704,0,9997.67
716359404,1,23,3.78,41,79,0,7,5000,1000,600,3.3,10000,6,3,17998,16522,1209,267,0,0,36000,17352,1209,267,17172,0,9997.67
716359404,1,23,3.78,41,79,0,7,6000,1000,600,3.3,10000,6,3,17998,16522,1209,267,0,0,36000,17154,1209,267,17370,0,9997.67
716359404,1,23,3.78,41,79,0,7,8000,1000,600,3.3,10000,6,3,17998,16522,1209,267,0,0,36000,16848,1209,267,17676,0,9997.67
716359404,1,23,3.78,41,79,0,8,2000,1000,600,3.3,10000,6,3,17998,15638,1981,379,0,0,35998,31262,4003,733,0,0,9997.16
716359404,1,23,3.78,41,79,0,8,3000,1000,600,3.3,10000,6,3,17998,15638,1981,379,0,0,35999,26260,3237,489,6013,0,9997.16
716359404,1,23,3.78,41,79,0,8,4000,1000,600,3.3,10000,6,3,17998,15638,1981,379,0,0,36000,17740,1987,379,15894,0,9997.16
716359404,1,23,3.78,41,79,0,8,5000,1000,600,3.3,10000,6,3,17998,15638,1981,379,0,0,36000,16774,1981,379,16866,0,9997.16
716359404,1,23,3.78,41,79,0,8,6000,1000,600,3.3,10000,6,3,17998,15638,1981,379,0,0,36000,16270,1981,379,17370,0,9997.16
716359404,1,23,3.78,41,79,0,8,8000,1000,600,3.3,10000,6,3,17998,15638,1981,379,0,0,36000,15964,1981,379,17676,0,9997.16
716359404,1,23,3.78,41,79,0,9,2000,1000,600,3.3,10000,6,3,17998,15638,1981,379,0,0,35998,31262,4003,733,0,0,9997.16
716359404,1,23,3.78,41,79,0,9,3000,1000,600,3.3,10000,6,3,17998,15638,1981,379,0,0,35999,26260,3237,489,6013,0,9997.16
716359404,1,23,3.78,41,79,0,9,4000,1000,600,3.3,10000,6,3,17998,15619,1996,383,0,0,36000,17935,2022,383,15660,0,9997.14
716359404,1,23,3.78,41,79,0,9,5000,1000,600,3.3,10000,6,3,17998,15548,2053,397,0,0,36000,17170,2053,397,16380,0,9997.08
716359404,1,23,3.78,41,79,0,9,6000,1000,600,3.3,10000,6,3,17998,15265,2322,411,0,0,36000,16459,2336,412,16793,0,9996.99
716359404,1,23,3.78,41,79,0,9,8000,1000,600,3.3,10000,6,3,17998,13956,3376,666,0,0,36000,15106,3380,670,16844,0,9996.01
652227427,1,23,3.78,41,79,0,1,2000,1000,600,3.3,10000,6,3,17999,17624,346,29,0,0,35999,26717,513,50,8719,0,9998.93
652227427,1,23,3.78,41,79,0,1,3000,1000,600,3.3,10000,6,3,17999,17651,318,30,0,0,36000,20280,318,30,15372,0,9998.9
652227427,1,23,3.78,41,79,0,1,4000,1000,600,3.3,10000,6,3,17999,17609,349,41,0,0,36000,19554,349,41,16056,0,9998.77
652227427,1,23,3.78,41,79,0,1,5000,1000,600,3.3,10000,6,3,17999,17436,496,67,0,0,36000,19021,496,68,16415,0,9998.54
652227427,1,23,3.78,41,79,0,1,6000,1000,600,3.3,10000,6,3,17999,16774,1010,89,126,0,36000,18053,1010,89,16848,0,9998.27
652227427,1,23,3.78,41,79,0,1,8000,1000,600,3.3,10000,6,3,17999,14416,1897,387,1299,0,36000,15675,1917,388,18020,0,9996.81
652227427,1,23,3.78,41,79,0,2,2000,1000,600,3.3,10000,6,3,17999,17577,393,29,0,0,35999,26670,560,50,8719,0,9998.94
652227427,1,23,3.78,41,79,0,2,3000,1000,600,3.3,10000,6,3,17999,17577,393,29,0,0,36000,20041,396,29,15534,0,9998.94
652227427,1,23,3.78,41,79,0,2,4000,1000,600,3.3,10000,6,3,17999,17577,393,29,0,0,36000,18730,393,29,16848,0,9998.94
652227427,1,23,3.78,41,79,0,2,5000,1000,600,3.3,10000,6,3,17999,17577,393,29,0,0,36000,18316,393,29,17262,0,9998.94
652227427,1,23,3.78,41,79,0,2,6000,1000,600,3.3,10000,6,3,17999,16339,323,29,1308,0,36000,16898,323,29,18750,0,9998.94
652227427,1,23,3.78,41,79,0,2,8000,1000,600,3.3,10000,6,3,17999,9410,173,21,8395,0,36000,9699,173,21,26107,0,9998.94
652227427,1,23,3.78,41,79,0,3,2000,1000,600,3.3,10000,6,3,17999,17605,379,15,0,0,35999,24966,486,18,10529,0,9999.26
652227427,1,23,3.78,41,79,0,3,3000,1000,600,3.3,10000,6,3,17999,17605,379,15,0,0,36000,20069,382,15,15534,0,9999.26
652227427,1,23,3.78,41,79,0,3,4000,1000,600,3.3,10000,6,3,17999,17605,379,15,0,0,36000,18758,379,15,16848,0,9999.26
652227427,1,23,3.78,41,79,0,3,5000,1000,600,3.3,10000,6,3,17999,17605,379,15,0,0,36000,18344,379,15,17262,0,9999.26
652227427,1,23,3.78,41,79,0,3,6000,1000,600,3.3,10000,6,3,17999,15491,281,15,2212,0,36000,16050,281,15,19654,0,9999.26
652227427,1,23,3.78,41,79,0,3,8000,1000,600,3.3,10000,6,3,17999,7247,94,3,10655,0,36000,7536,94,3,28367,0,9999.26
652227427,1,23,3.78,41,79,0,4,2000,1000,600,3.3,10000,6,3,17999,17603,370,26,0,0,35999,25810,525,46,9618,0,9998.99
652227427,1,23,3.78,41,79,0,4,3000,1000,600,3.3,10000,6,3,17999,17603,370,26,0,0,36000,20067,373,26,15534,0,9998.99
652227427,1,23,3.78,41,79,0,4,4000,1000,600,3.3,10000,6,3,17999,17603,370,26,0,0,36000,18756,370,26,16848,0,9998.99
652227427,1,23,3.78,41,79,0,4,5000,1000,600,3.3,10000,6,3,17999,17603,370,26,0,0,36000,18342,370,26,17262,0,9998.99
652227427,1,23,3.78,41,79,0,4,6000,1000,600,3.3,10000,6,3,17999,17214,347,26,412,0,36000,17773,347,26,17854,0,9998.99
652227427,1,23,3.78,41,79,0,4,8000,1000,600,3.3,10000,6,3,17999,8083,154,18,9744,0,36000,8372,154,18,27456,0,9998.99
652227427,1,23,3.78,41,79,0,5,2000,1000,600,3.3,10000,6,3,18000,17167,830,3,0,0,36000,22741,925,4,12330,0,9999.61
652227427,1,23,3.78,41,79,0,5,3000,1000,600,3.3,10000,6,3,18000,17511,486,3,0,0,36000,19974,489,3,15534,0,9999.56
652227427,1,23,3.78,41,79,0,5,4000,1000,600,3.3,10000,6,3,18000,17470,519,11,0,0,36000,18622,519,11,16848,0,9999.37
652227427,1,23,3.78,41,79,0,5,5000,1000,600,3.3,10000,6,3,18000,17284,692,24,0,0,36000,18022,692,24,17262,0,9999.06
652227427,1,23,3.78,41,79,0,5,6000,1000,600,3.3,10000,6,3,18000,16677,1277,46,0,0,36000,17235,1277,46,17442,0,9998.72
652227427,1,23,3.78,41,79,0,5,8000,1000,600,3.3,10000,6,3,17999,15658,2055,286,0,0,36000,15947,2055,286,17712,0,9997.08
652227427,1,23,3.78,41,79,0,6,2000,1000,600,3.3,10000,6,3,17999,12543,4741,715,0,0,35999,25166,9444,1389,0,0,9995.72
652227427,1,23,3.78,41,79,0,6,3000,1000,600,3.3,10000,6,3,17999,12543,4741,715,0,0,36000,24512,8869,1272,1347,0,9995.72
652227427,1,23,3.78,41,79,0,6,4000,1000,600,3.3,10000,6,3,17999,12519,4763,717,0,0,36000,16563,5111,727,13599,0,9995.71
652227427,1,23,3.78,41,79,0,6,5000,1000,600,3.3,10000,6,3,17999,12461,4807,731,0,0,36000,14077,4812,732,16379,0,9995.66
652227427,1,23,3.78,41,79,0,6,6000,1000,600,3.3,10000,6,3,17999,12435,4820,744,0,0,36000,13714,4820,744,16722,0,9995.59
652227427,1,23,3.78,41,79,0,6,8000,1000,600,3.3,10000,6,3,17999,11143,5916,940,0,0,36000,12401,5937,941,16721,0,9994.97
652227427,1,23,3.78,41,79,0,7,2000,1000,600,3.3,10000,6,3,17999,16515,1312,172,0,0,35999,33072,2593,334,0,0,9997.67
652227427,1,23,3.78,41,79,0,7,3000,1000,600,3.3,10000,6,3,17999,16515,1312,172,0,0,36000,20826,1644,185,13345,0,9997.67
652227427,1,23,3.78,41,79,0,7,4000,1000,600,3.3,10000,6,3,17999,16509,1318,172,0,0,36000,17662,1318,172,16848,0,9997.67
652227427,1,23,3.78,41,79,0,7,5000,1000,600,3.3,10000,6,3,17999,16509,1318,172,0,0,36000,17248,1318,172,17262,0,9997.67
652227427,1,23,3.78,41,79,0,7,6000,1000,600,3.3,10000,6,3,17999,16509,1318,172,0,0,36000,17068,1318,172,17442,0,9997.67
652227427,1,23,3.78,41,79,0,7,8000,1000,600,3.3,10000,6,3,17999,16509,1318,172,0,0,36000,16798,1318,172,17712,0,9997.67
652227427,1,23,3.78,41,79,0,8,2000,1000,600,3.3,10000,6,3,17999,15798,1934,267,0,0,35999,31584,3890,525,0,0,9997.16
652227427,1,23,3.78,41,79,0,8,3000,1000,600,3.3,10000,6,3,17999,15798,1934,267,0,0,36000,25646,2843,340,7171,0,9997.16
652227427,1,23,3.78,41,79,0,8,4000,1000,600,3.3,10000,6,3,17999,15792,1940,267,0,0,36000,18017,1948,267,15768,0,9997.16
652227427,1,23,3.78,41,79,0,8,5000,1000,600,3.3,10000,6,3,17999,15792,1940,267,0,0,36000,16693,1940,267,17100,0,9997.16
652227427,1,23,3.78,41,79,0,8,6000,1000,600,3.3,10000,6,3,17999,15792,1940,267,0,0,36000,16351,1940,267,17442,0,9997.16
652227427,1,23,3.78,41,79,0,8,8000,1000,600,3.3,10000,6,3,17999,15792,1940,267,0,0,36000,16081,1940,267,17712,0,9997.16
652227427,1,23,3.78,41,79,0,9,2000,1000,600,3.3,10000,6,3,17999,15798,1934,267,0,0,35999,31584,3890,525,0,0,9997.16
652227427,1,23,3.78,41,79,0,9,3000,1000,600,3.3,10000,6,3,17999,15798,1934,267,0,0,36000,25646,2843,340,7171,0,9997.16
652227427,1,23,3.78,41,79,0,9,4000,1000,600,3.3,10000,6,3,17999,15705,2022,272,0,0,36000,18192,2038,272,15498,0,9997.14
652227427,1,23,3.78,41,79,0,9,5000,1000,600,3.3,10000,6,3,17999,15639,2078,282,0,0,36000,17260,2078,283,16379,0,9997.07
652227427,1,23,3.78,41,79,0,9,6000,1000,600,3.3,10000,6,3,17999,15493,2205,301,0,0,36000,16772,2205,301,16722,0,9996.97
652227427,1,23,3.78,41,79,0,9,8000,1000,600,3.3,10000,6,3,17999,13997,3423,579,0,0,36000,15256,3443,580,16721,0,9995.95
2447348191,1,23,3.78,41,79,0,1,2000,1000,600,3.3,10000,6,3,18000,17520,447,33,0,0,36000,26737,673,52,8538,0,9998.93
2447348191,1,23,3.78,41,79,0,1,3000,1000,600,3.3,10000,6,3,18000,17554,411,35,0,0,36000,20217,430,35,15318,0,9998.9
2447348191,1,23,3.78,41,79,0,1,4000,1000,600,3.3,10000,6,3,18000,17471,485,44,0,0,36000,19445,491,44,16020,0,9998.77
2447348191,1,23,3.78,41,79,0,1,5000,1000,600,3.3,10000,6,3,18000,17312,618,70,0,0,36000,19040,618,70,16272,0,9998.55
2447348191,1,23,3.78,41,79,0,1,6000,1000,600,3.3,10000,6,3,18000,16685,1088,101,126,0,36000,18287,1088,101,16524,0,9998.26
2447348191,1,23,3.78,41,79,0,1,8000,1000,600,3.3,10000,6,3,17999,14352,2055,388,1204,0,36000,15758,2072,389,17781,0,9996.76
2447348191,1,23,3.78,41,79,0,2,2000,1000,600,3.3,10000,6,3,18000,17471,496,33,0,0,36000,26688,722,52,8538,0,9998.94
2447348191,1,23,3.78,41,79,0,2,3000,1000,600,3.3,10000,6,3,18000,17471,496,33,0,0,36000,19959,528,33,15480,0,9998.94
2447348191,1,23,3.78,41,79,0,2,4000,1000,600,3.3,10000,6,3,18000,17471,496,33,0,0,36000,18929,496,33,16542,0,9998.94
2447348191,1,23,3.78,41,79,0,2,5000,1000,600,3.3,10000,6,3,18000,17471,496,33,0,0,36000,18353,496,33,17118,0,9998.94
2447348191,1,23,3.78,41,79,0,2,6000,1000,600,3.3,10000,6,3,18000,15951,420,32,1597,0,36000,16563,420,32,18985,0,9998.94
2447348191,1,23,3.78,41,79,0,2,8000,1000,600,3.3,10000,6,3,18000,9367,235,20,8378,0,36000,9673,235,20,26072,0,9998.94
2447348191,1,23,3.78,41,79,0,3,2000,1000,600,3.3,10000,6,3,18000,17488,499,13,0,0,36000,24991,645,15,10349,0,9999.26
2447348191,1,23,3.78,41,79,0,3,3000,1000,600,3.3,10000,6,3,18000,17488,499,13,0,0,36000,19976,531,13,15480,0,9999.26
2447348191,1,23,3.78,41,79,0,3,4000,1000,600,3.3,10000,6,3,18000,17488,499,13,0,0,36000,18946,499,13,16542,0,9999.26
2447348191,1,23,3.78,41,79,0,3,5000,1000,600,3.3,10000,6,3,18000,17488,499,13,0,0,36000,18370,499,13,17118,0,9999.26
2447348191,1,23,3.78,41,79,0,3,6000,1000,600,3.3,10000,6,3,18000,15123,367,11,2499,0,36000,15735,367,11,19887,0,9999.26
2447348191,1,23,3.78,41,79,0,3,8000,1000,600,3.3,10000,6,3,18000,7445,150,5,10400,0,36000,7751,150,5,28094,0,9999.26
2447348191,1,23,3.78,41,79,0,4,2000,1000,600,3.3,10000,6,3,18000,17473,497,30,0,0,36000,25795,718,45,9442,0,9998.99
2447348191,1,23,3.78,41,79,0,4,3000,1000,600,3.3,10000,6,3,18000,17473,497,30,0,0,36000,19961,529,30,15480,0,9998.99
2447348191,1,23,3.78,41,79,0,4,4000,1000,600,3.3,10000,6,3,18000,17473,497,30,0,0,36000,18931,497,30,16542,0,9998.99
2447348191,1,23,3.78,41,79,0,4,5000,1000,600,3.3,10000,6,3,18000,17473,497,30,0,0,36000,18355,497,30,17118,0,9998.99
2447348191,1,23,3.78,41,79,0,4,6000,1000,600,3.3,10000,6,3,18000,16795,474,30,701,0,36000,17407,474,30,18089,0,9998.99
2447348191,1,23,3.78,41,79,0,4,8000,1000,600,3.3,10000,6,3,18000,8259,229,17,9495,0,36000,8565,229,17,27189,0,9998.99
2447348191,1,23,3.78,41,79,0,5,2000,1000,600,3.3,10000,6,3,18000,17181,817,2,0,0,36000,22925,923,2,12150,0,9999.61
2447348191,1,23,3.78,41,79,0,5,3000,1000,600,3.3,10000,6,3,18000,17373,625,2,0,0,36000,19861,657,2,15480,0,9999.56
2447348191,1,23,3.78,41,79,0,5,4000,1000,600,3.3,10000,6,3,18000,17595,394,11,0,0,36000,19053,394,11,16542,0,9999.36
2447348191,1,23,3.78,41,79,0,5,5000,1000,600,3.3,10000,6,3,18000,17330,642,28,0,0,36000,18212,642,28,17118,0,9999.07
2447348191,1,23,3.78,41,79,0,5,6000,1000,600,3.3,10000,6,3,18000,16593,1352,55,0,0,36000,17205,1352,55,17388,0,9998.71
2447348191,1,23,3.78,41,79,0,5,8000,1000,600,3.3,10000,6,3,17999,15599,2044,356,0,0,36000,15906,2044,356,17694,0,9997.02
2447348191,1,23,3.78,41,79,0,6,2000,1000,600,3.3,10000,6,3,17998,12313,4906,779,0,0,35998,24576,9866,1556,0,0,9995.72
2447348191,1,23,3.78,41,79,0,6,3000,1000,600,3.3,10000,6,3,17998,12313,4906,779,0,0,35999,24020,9188,1379,1412,0,9995.72
2447348191,1,23,3.78,41,79,0,6,4000,1000,600,3.3,10000,6,3,17998,12272,4945,781,0,0,36000,16243,5295,784,13678,0,9995.7
2447348191,1,23,3.78,41,79,0,6,5000,1000,600,3.3,10000,6,3,17998,12283,4925,790,0,0,36000,14160,4940,790,16110,0,9995.66
2447348191,1,23,3.78,41,79,0,6,6000,1000,600,3.3,10000,6,3,17998,12222,4957,819,0,0,36000,13826,4957,819,16398,0,9995.57
2447348191,1,23,3.78,41,79,0,6,8000,1000,600,3.3,10000,6,3,17998,10832,6155,1011,0,0,36000,12239,6172,1012,16577,0,9994.92
2447348191,1,23,3.78,41,79,0,7,2000,1000,600,3.3,10000,6,3,17999,16619,1174,206,0,0,35999,33201,2362,436,0,0,9997.67
2447348191,1,23,3.78,41,79,0,7,3000,1000,600,3.3,10000,6,3,17999,16619,1174,206,0,0,36000,21101,1445,221,13233,0,9997.67
2447348191,1,23,3.78,41,79,0,7,4000,1000,600,3.3,10000,6,3,17999,16615,1178,206,0,0,36000,18074,1178,206,16542,0,9997.67
2447348191,1,23,3.78,41,79,0,7,5000,1000,600,3.3,10000,6,3,17999,16615,1178,206,0,0,36000,17498,1178,206,17118,0,9997.67
2447348191,1,23,3.78,41,79,0,7,6000,1000,600,3.3,10000,6,3,17999,16615,1178,206,0,0,36000,17228,1178,206,17388,0,9997.67
2447348191,1,23,3.78,41,79,0,7,8000,1000,600,3.3,10000,6,3,17999,16615,1178,206,0,0,36000,16922,1178,206,17694,0,9997.67
2447348191,1,23,3.78,41,79,0,8,2000,1000,600,3.3,10000,6,3,17999,15728,1963,308,0,0,35999,31467,3909,623,0,0,9997.16
2447348191,1,23,3.78,41,79,0,8,3000,1000,600,3.3,10000,6,3,17999,15721,1970,308,0,0,36000,25458,2970,403,7169,0,9997.16
2447348191,1,23,3.78,41,79,0,8,4000,1000,600,3.3,10000,6,3,17999,15717,1974,308,0,0,36000,17958,2002,308,15732,0,9997.16
2447348191,1,23,3.78,41,79,0,8,5000,1000,600,3.3,10000,6,3,17999,15717,1974,308,0,0,36000,17032,1974,308,16686,0,9997.16
2447348191,1,23,3.78,41,79,0,8,6000,1000,600,3.3,10000,6,3,17999,15717,1974,308,0,0,36000,16330,1974,308,17388,0,9997.16
2447348191,1,23,3.78,41,79,0,8,8000,1000,600,3.3,10000,6,3,17999,15717,1974,308,0,0,36000,16024,1974,308,17694,0,9997.16
2447348191,1,23,3.78,41,79,0,9,2000,1000,600,3.3,10000,6,3,17999,15728,1963,308,0,0,35999,31467,3909,623,0,0,9997.16
2447348191,1,23,3.78,41,79,0,9,3000,1000,600,3.3,10000,6,3,17999,15721,1970,308,0,0,36000,25458,2970,403,7169,0,9997.16
2447348191,1,23,3.78,41,79,0,9,4000,1000,600,3.3,10000,6,3,17999,15699,1987,313,0,0,36000,18066,1997,313,15624,0,9997.14
2447348191,1,23,3.78,41,79,0,9,5000,1000,600,3.3,10000,6,3,17999,15642,2031,326,0,0,36000,17461,2031,326,16182,0,9997.07
2447348191,1,23,3.78,41,79,0,9,6000,1000,600,3.3,10000,6,3,17999,15356,2294,349,0,0,36000,16959,2294,349,16398,0,9996.95
2447348191,1,23,3.78,41,79,0,9,8000,1000,600,3.3,10000,6,3,17998,14031,3343,624,0,0,36000,15438,3360,625,16577,0,9995.94
4276470015,1,23,3.78,41,79,0,1,2000,1000,600,3.3,10000,6,3,18000,17433,529,38,0,0,36000,26881,822,73,8224,0,9998.93
4276470015,1,23,3.78,41,79,0,1,3000,1000,600,3.3,10000,6,3,18000,17520,442,38,0,0,36000,20202,442,38,15318,0,9998.9
4276470015,1,23,3.78,41,79,0,1,4000,1000,600,3.3,10000,6,3,18000,17400,554,46,0,0,36000,19458,566,46,15930,0,9998.78
4276470015,1,23,3.78,41,79,0,1,5000,1000,600,3.3,10000,6,3,18000,17294,644,62,0,0,36000,18884,656,62,16398,0,9998.56
4276470015,1,23,3.78,41,79,0,1,6000,1000,600,3.3,10000,6,3,18000,16782,1062,102,54,0,36000,18090,1068,102,16740,0,9998.3
4276470015,1,23,3.78,41,79,0,1,8000,1000,600,3.3,10000,6,3,18000,14425,1990,362,1223,0,36000,15661,1996,362,17981,0,9996.89
4276470015,1,23,3.78,41,79,0,2,2000,1000,600,3.3,10000,6,3,18000,17434,529,37,0,0,36000,26882,822,72,8224,0,9998.94
4276470015,1,23,3.78,41,79,0,2,3000,1000,600,3.3,10000,6,3,18000,17434,529,37,0,0,36000,19828,529,37,15606,0,9998.94
4276470015,1,23,3.78,41,79,0,2,4000,1000,600,3.3,10000,6,3,18000,17434,529,37,0,0,36000,18910,529,37,16524,0,9998.94
4276470015,1,23,3.78,41,79,0,2,5000,1000,600,3.3,10000,6,3,18000,17434,529,37,0,0,36000,18370,529,37,17064,0,9998.94
4276470015,1,23,3.78,41,79,0,2,6000,1000,600,3.3,10000,6,3,18000,16454,470,34,1042,0,36000,17066,470,34,18430,0,9998.94
4276470015,1,23,3.78,41,79,0,2,8000,1000,600,3.3,10000,6,3,18000,10277,258,31,7434,0,36000,10673,258,31,25038,0,9998.94
4276470015,1,23,3.78,41,79,0,3,2000,1000,600,3.3,10000,6,3,18000,17493,489,18,0,0,36000,25303,635,22,10040,0,9999.26
4276470015,1,23,3.78,41,79,0,3,3000,1000,600,3.3,10000,6,3,18000,17493,489,18,0,0,36000,19887,489,18,15606,0,9999.26
4276470015,1,23,3.78,41,79,0,3,4000,1000,600,3.3,10000,6,3,18000,17493,489,18,0,0,36000,18969,489,18,16524,0,9999.26
4276470015,1,23,3.78,41,79,0,3,5000,1000,600,3.3,10000,6,3,18000,17493,489,18,0,0,36000,18429,489,18,17064,0,9999.26
4276470015,1,23,3.78,41,79,0,3,6000,1000,600,3.3,10000,6,3,18000,15679,364,15,1942,0,36000,16291,364,15,19330,0,9999.26
4276470015,1,23,3.78,41,79,0,3,8000,1000,600,3.3,10000,6,3,18000,7778,140,8,10074,0,36000,8174,140,8,27678,0,9999.26
4276470015,1,23,3.78,41,79,0,4,2000,1000,600,3.3,10000,6,3,18000,17481,486,33,0,0,36000,26116,701,62,9121,0,9998.99
4276470015,1,23,3.78,41,79,0,4,3000,1000,600,3.3,10000,6,3,18000,17481,486,33,0,0,36000,19875,486,33,15606,0,9998.99
4276470015,1,23,3.78,41,79,0,4,4000,1000,600,3.3,10000,6,3,18000,17481,486,33,0,0,36000,18957,486,33,16524,0,9998.99
4276470015,1,23,3.78,41,79,0,4,5000,1000,600,3.3,10000,6,3,18000,17481,486,33,0,0,36000,18417,486,33,17064,0,9998.99
4276470015,1,23,3.78,41,79,0,4,6000,1000,600,3.3,10000,6,3,18000,17362,462,32,144,0,36000,17974,462,32,17532,0,9998.99
4276470015,1,23,3.78,41,79,0,4,8000,1000,600,3.3,10000,6,3,18000,8630,184,25,9161,0,36000,9026,184,25,26765,0,9998.99
4276470015,1,23,3.78,41,79,0,5,2000,1000,600,3.3,10000,6,3,18000,17154,844,2,0,0,36000,23192,962,2,11844,0,9999.61
4276470015,1,23,3.78,41,79,0,5,3000,1000,600,3.3,10000,6,3,18000,17260,737,3,0,0,36000,19654,737,3,15606,0,9999.56
4276470015,1,23,3.78,41,79,0,5,4000,1000,600,3.3,10000,6,3,18000,17336,654,10,0,0,36000,18812,654,10,16524,0,9999.38
4276470015,1,23,3.78,41,79,0,5,5000,1000,600,3.3,10000,6,3,18000,17221,747,32,0,0,36000,18157,747,32,17064,0,9999.09
4276470015,1,23,3.78,41,79,0,5,6000,1000,600,3.3,10000,6,3,18000,16646,1295,59,0,0,36000,17258,1295,59,17388,0,9998.76
4276470015,1,23,3.78,41,79,0,5,8000,1000,600,3.3,10000,6,3,17999,15774,1892,333,0,0,36000,16171,1892,333,17604,0,9997.19
4276470015,1,23,3.78,41,79,0,6,2000,1000,600,3.3,10000,6,3,17999,12647,4639,713,0,0,35999,25342,9175,1482,0,0,9995.72
4276470015,1,23,3.78,41,79,0,6,3000,1000,600,3.3,10000,6,3,17999,12647,4639,713,0,0,35999,24931,8709,1394,965,0,9995.72
4276470015,1,23,3.78,41,79,0,6,4000,1000,600,3.3,10000,6,3,17999,12644,4641,714,0,0,36000,17260,5038,734,12968,0,9995.71
4276470015,1,23,3.78,41,79,0,6,5000,1000,600,3.3,10000,6,3,17999,12616,4659,724,0,0,36000,14436,4676,724,16164,0,9995.66
4276470015,1,23,3.78,41,79,0,6,6000,1000,600,3.3,10000,6,3,17999,12563,4693,743,0,0,36000,13870,4701,743,16686,0,9995.59
4276470015,1,23,3.78,41,79,0,6,8000,1000,600,3.3,10000,6,3,17999,11370,5685,944,0,0,36000,12607,5691,944,16758,0,9995
4276470015,1,23,3.78,41,79,0,7,2000,1000,600,3.3,10000,6,3,18000,16353,1410,237,0,0,36000,32616,2885,499,0,0,9997.67
4276470015,1,23,3.78,41,79,0,7,3000,1000,600,3.3,10000,6,3,18000,16353,1410,237,0,0,36000,20892,1958,291,12859,0,9997.67
4276470015,1,23,3.78,41,79,0,7,4000,1000,600,3.3,10000,6,3,18000,16353,1410,237,0,0,36000,17829,1410,237,16524,0,9997.67
4276470015,1,23,3.78,41,79,0,7,5000,1000,600,3.3,10000,6,3,18000,16353,1410,237,0,0,36000,17289,1410,237,17064,0,9997.67
4276470015,1,23,3.78,41,79,0,7,6000,1000,600,3.3,10000,6,3,18000,16353,1410,237,0,0,36000,16965,1410,237,17388,0,9997.67
4276470015,1,23,3.78,41,79,0,7,8000,1000,600,3.3,10000,6,3,18000,16353,1410,237,0,0,36000,16749,1410,237,17604,0,9997.67
4276470015,1,23,3.78,41,79,0,8,2000,1000,600,3.3,10000,6,3,17999,15671,1983,345,0,0,35999,31220,4075,704,0,0,9997.16
4276470015,1,23,3.78,41,79,0,8,3000,1000,600,3.3,10000,6,3,17999,15671,1983,345,0,0,35999,26492,3276,483,5748,0,9997.16
4276470015,1,23,3.78,41,79,0,8,4000,1000,600,3.3,10000,6,3,17999,15671,1983,345,0,0,36000,17930,1993,345,15732,0,9997.16
4276470015,1,23,3.78,41,79,0,8,5000,1000,600,3.3,10000,6,3,17999,15671,1983,345,0,0,36000,17022,1983,345,16650,0,9997.16
4276470015,1,23,3.78,41,79,0,8,6000,1000,600,3.3,10000,6,3,17999,15671,1983,345,0,0,36000,16320,1983,345,17352,0,9997.16
4276470015,1,23,3.78,41,79,0,8,8000,1000,600,3.3,10000,6,3,17999,15671,1983,345,0,0,36000,16068,1983,345,17604,0,9997.16
4276470015,1,23,3.78,41,79,0,9,2000,1000,600,3.3,10000,6,3,17999,15671,1983,345,0,0,35999,31220,4075,704,0,0,9997.16
4276470015,1,23,3.78,41,79,0,9,3000,1000,600,3.3,10000,6,3,17999,15671,1983,345,0,0,35999,26492,3276,483,5748,0,9997.16
4276470015,1,23,3.78,41,79,0,9,4000,1000,600,3.3,10000,6,3,17999,15623,2030,346,0,0,36000,18063,2057,346,15534,0,9997.14
4276470015,1,23,3.78,41,79,0,9,5000,1000,600,3.3,10000,6,3,17999,15596,2053,350,0,0,36000,17349,2065,350,16236,0,9997.08
4276470015,1,23,3.78,41,79,0,9,6000,1000,600,3.3,10000,6,3,17999,15487,2134,378,0,0,36000,16796,2140,378,16686,0,9996.97
4276470015,1,23,3.78,41,79,0,9,8000,1000,600,3.3,10000,6,3,17999,14045,3355,599,0,0,36000,15282,3361,599,16758,0,9996.04
2314927680,1,23,3.78,41,79,0,10,2000,1000,600,3.3,10000,6,3,35999,29435,1890,299,4375,0,35999,29435,1890,299,4375,0,9997.69
2314927680,1,23,3.78,41,79,0,10,3000,1000,600,3.3,10000,6,3,36000,24428,1545,231,9796,0,36000,24428,1545,231,9796,0,9997.69
2314927680,1,23,3.78,41,79,0,10,4000,1000,600,3.3,10000,6,3,36000,21317,1186,182,13315,0,36000,21317,1186,182,13315,0,9997.69
2314927680,1,23,3.78,41,79,0,10,5000,1000,600,3.3,10000,6,3,36000,19460,1064,167,15309,0,36000,19460,1064,167,15309,0,9997.69
2314927680,1,23,3.78,41,79,0,10,6000,1000,600,3.3,10000,6,3,36000,17541,977,161,17321,0,36000,17541,977,161,17321,0,9997.69
2314927680,1,23,3.78,41,79,0,10,8000,1000,600,3.3,10000,18,3,36000,14068,2855,449,20830,0,36000,14068,2855,449,20830,0,9993.06
861648815,1,23,3.78,41,79,0,10,2000,1000,600,3.3,10000,6,3,35998,28908,2278,459,4353,0,35998,28908,2278,459,4353,0,9997.59
861648815,1,23,3.78,41,79,0,10,3000,1000,600,3.3,10000,6,3,35998,24214,1900,391,9493,0,35998,24214,1900,391,9493,0,9997.59
861648815,1,23,3.78,41,79,0,10,4000,1000,600,3.3,10000,6,3,36000,21229,1447,293,13031,0,36000,21229,1447,293,13031,0,9997.59
861648815,1,23,3.78,41,79,0,10,5000,1000,600,3.3,10000,6,3,36000,18962,1280,257,15501,0,36000,18962,1280,257,15501,0,9997.59
861648815,1,23,3.78,41,79,0,10,6000,1000,600,3.3,10000,6,3,36000,17145,1169,241,17445,0,36000,17145,1169,241,17445,0,9997.59
861648815,1,23,3.78,41,79,0,10,8000,1000,600,3.3,10000,18,3,36000,13933,3203,641,20785,0,36000,13933,3203,641,20785,0,9992.77
716359404,1,23,3.78,41,79,0,10,2000,1000,600,3.3,10000,6,3,35998,28664,2185,368,4781,0,35998,28664,2185,368,4781,0,9997.69
716359404,1,23,3.78,41,79,0,10,3000,1000,600,3.3,10000,6,3,36000,24389,1877,304,9430,0,36000,24389,1877,304,9430,0,9997.69
716359404,1,23,3.78,41,79,0,10,4000,1000,600,3.3,10000,6,3,36000,20751,1427,210,13612,0,36000,20751,1427,210,13612,0,9997.69
716359404,1,23,3.78,41,79,0,10,5000,1000,600,3.3,10000,6,3,36000,18891,1297,199,15613,0,36000,18891,1297,199,15613,0,9997.69
716359404,1,23,3.78,41,79,0,10,6000,1000,600,3.3,10000,6,3,36000,16866,1222,194,17718,0,36000,16866,1222,194,17718,0,9997.69
716359404,1,23,3.78,41,79,0,10,8000,1000,600,3.3,10000,18,3,36000,13232,3192,499,21537,0,36000,13232,3192,499,21537,0,9993.06
518024951,1,23,3.78,41,79,0,10,2000,1000,600,3.3,10000,6,3,36000,28345,2234,397,5024,0,36000,28345,2234,397,5024,0,9997.65
518024951,1,23,3.78,41,79,0,10,3000,1000,600,3.3,10000,6,3,36000,23964,1867,330,9839,0,36000,23964,1867,330,9839,0,9997.65
518024951,1,23,3.78,41,79,0,10,4000,1000,600,3.3,10000,6,3,36000,21104,1495,276,13125,0,36000,21104,1495,276,13125,0,9997.65
518024951,1,23,3.78,41,79,0,10,5000,1000,600,3.3,10000,6,3,36000,18876,1282,241,15601,0,36000,18876,1282,241,15601,0,9997.65
518024951,1,23,3.78,41,79,0,10,6000,1000,600,3.3,10000,6,3,36000,17119,1221,227,17433,0,36000,17119,1221,227,17433,0,9997.65
518024951,1,23,3.78,41,79,0,10,8000,1000,600,3.3,10000,18,3,36000,13357,3283,596,21349,0,36000,13357,3283,596,21349,0,9992.95
652227427,1,23,3.78,41,79,0,10,2000,1000,600,3.3,10000,6,3,35999,29551,1789,369,4290,0,35999,29551,1789,369,4290,0,9997.64
652227427,1,23,3.78,41,79,0,10,3000,1000,600,3.3,10000,6,3,35999,24153,1402,291,10153,0,35999,24153,1402,291,10153,0,9997.64
652227427,1,23,3.78,41,79,0,10,4000,1000,600,3.3,10000,6,3,35999,21017,1031,224,13727,0,35999,21017,1031,224,13727,0,9997.64
652227427,1,23,3.78,41,79,0,10,5000,1000,600,3.3,10000,6,3,35999,18775,944,200,16080,0,35999,18775,944,200,16080,0,9997.64
652227427,1,23,3.78,41,79,0,10,6000,1000,600,3.3,10000,6,3,35999,17236,906,197,17660,0,35999,17236,906,197,17660,0,9997.64
652227427,1,23,3.78,41,79,0,10,8000,1000,600,3.3,10000,18,3,36000,13926,2596,559,21022,0,36000,13926,2596,559,21022,0,9992.92
2447348191,1,23,3.78,41,79,0,10,2000,1000,600,3.3,10000,6,3,36000,29003,2206,439,4352,0,36000,29003,2206,439,4352,0,9997.58
2447348191,1,23,3.78,41,79,0,10,3000,1000,600,3.3,10000,6,3,36000,24103,1864,370,9663,0,36000,24103,1864,370,9663,0,9997.58
2447348191,1,23,3.78,41,79,0,10,4000,1000,600,3.3,10000,6,3,36000,20961,1351,261,13427,0,36000,20961,1351,261,13427,0,9997.58
2447348191,1,23,3.78,41,79,0,10,5000,1000,600,3.3,10000,6,3,36000,19053,1218,244,15485,0,36000,19053,1218,244,15485,0,9997.58
2447348191,1,23,3.78,41,79,0,10,6000,1000,600,3.3,10000,6,3,36000,17121,1159,230,17490,0,36000,17121,1159,230,17490,0,9997.58
2447348191,1,23,3.78,41,79,0,10,8000,1000,600,3.3,10000,18,3,36000,13726,3246,642,20978,0,36000,13726,3246,642,20978,0,9992.74
4276470015,1,23,3.78,41,79,0,10,2000,1000,600,3.3,10000,6,3,35998,29165,1750,375,4708,0,35998,29165,1750,375,4708,0,9997.75
4276470015,1,23,3.78,41,79,0,10,3000,1000,600,3.3,10000,6,3,35998,24424,1372,275,9927,0,35998,24424,1372,275,9927,0,9997.75
4276470015,1,23,3.78,41,79,0,10,4000,1000,600,3.3,10000,6,3,35999,21116,1088,221,13574,0,35999,21116,1088,221,13574,0,9997.75
4276470015,1,23,3.78,41,79,0,10,5000,1000,600,3.3,10000,6,3,36000,19172,993,207,15628,0,36000,19172,993,207,15628,0,9997.75
4276470015,1,23,3.78,41,79,0,10,6000,1000,600,3.3,10000,6,3,36000,17311,924,197,17568,0,36000,17311,924,197,17568,0,9997.75
4276470015,1,23,3.78,41,79,0,10,8000,1000,600,3.3,10000,18,3,36000,13833,2575,554,21123,0,36000,13833,2575,554,21123,0,9993.26